3039
9373
3373
1425
2057
9803
2184
8916
9561
6043
8527
2032
5418
2163
4391
14
5927
3133
28
1569
7950
782
5509
1592
2173
6888
5863
5110
3805
3362
9446
5777
5210
2668
6396
5932
3174
9903
4459
9287
4941
8073
8865
6133
811
9247
9550
9048
8096
840
6915
6396
367
6500
5326
2959
6704
843
5737
7749
9784
1087
2379
4182
6891
1088
2135
6414
1176
4606
2351
2836
7694
7440
391
9862
9141
6241
880
4309
4399
6363
4294
962
370
4857
7686
8381
4466
3335
3406
7196
2302
5030
1477
2102
637
9579
6867
9224
4556
1775
8606
4776
4453
3496
5435
5133
3010
7800
8619
812
4862
6669
5164
9550
1446
146
7187
8900
4236
6475
5781
2790
959
563
3308
7597
6943
1544
8883
5580
3069
557
7356
6130
3486
158
2250
7121
2160
3466
8366
2227
3394
3149
9144
5453
8046
7148
3114
3296
4238
6347
1842
732
9015
6525
545
3317
9407
2262
6136
7391
7554
90
6473
5724
8040
8953
5211
3251
8536
7395
1939
3846
7282
4520
2793
4027
6043
6077
9190
7610
2253
9124
8000
8989
7528
1291
2251
7436
4797
9488
914
9852
5181
818
8045
1369
2537
7680
9367
9294
1968
2834
8193
2490
557
1412
7357
6504
881
5020
483
8626
8531
2717
235
8888
8931
949
9658
3238
511
282
2400
3552
9640
3925
1817
9400
9830
2353
8393
5732
8634
9777
4732
2074
5897
733
735
3093
4428
8604
8876
6573
7663
3142
9025
8562
3737
3718
6719
1509
2457
917
6291
2562
1267
3063
2386
8309
4885
6400
4299
853
1926
1358
3760
6731
3527
452
2006
6178
4817
8864
9938
7634
9763
80
2945
8223
9579
8865
6100
2187
9629
6498
5091
3985
318
747
5777
9149
9717
5585
7630
3432
3847
2371
1870
2291
4135
9293
6159
6952
4803
2346
3399
8711
7664
1178
271
2254
4030
6067
2845
8929
3478
6044
955
4837
6776
7008
9424
9706
8247
2442
7855
7955
8983
5445
2851
2795
698
7276
6175
3991
2945
7648
8629
2861
6525
853
6770
8772
8027
9867
2124
296
9066
7300
3139
3702
7017
598
61
3605
3393
9704
8369
8851
4359
862
8231
5425
4959
410
3739
1646
4812
8873
9309
5784
9301
4056
5456
1212
5069
888
3220
8318
8799
6594
8171
6820
3968
9434
1326
4919
5530
8586
4990
6271
532
5959
2816
5419
582
4367
6314
5308
741
3763
8694
9808
8101
1536
7904
1942
6100
3869
6830
7918
1004
6802
1200
7387
4873
2027
6994
5411
6618
8741
7940
4030
5340
6581
3363
8140
2887
2321
6309
27
3861
1795
9672
9794
3946
5005
2853
9286
8361
2628
9364
9107
502
4840
6040
1540
6961
2177
767
8492
1032
9238
5558
4014
3880
1562
805
991
9358
4508
3804
3742
6608
1942
2941
3920
6052
6606
6557
6276
6887
9244
2279
5483
5630
3713
2470
2937
1325
2884
609
965
9994
2536
4838
4120
8902
7048
8217
8211
3058
6187
5635
9997
295
8877
5686
9725
3787
9616
7818
9109
1635
6318
8614
2052
2952
59
6007
412
9363
6002
3420
2313
6955
6015
1553
2308
1201
6607
7026
3220
4395
2375
3476
9398
9022
2540
617
2863
2262
4545
6275
4155
6211
7486
5329
9896
701
9448
3162
2543
3756
7120
5518
4588
5682
3283
8937
6953
290
1831
1523
4023
1030
8608
6569
5392
6739
4604
25
7100
6222
3212
4856
73
1448
8743
6357
3403
201
9888
5417
2594
419
7132
791
9254
8099
4086
6480
8681
5881
8249
7024
4387
6467
6133
7420
8447
2241
8939
8395
8398
4574
3212
9394
1770
1860
6085
5719
4546
1813
1372
3384
8682
185
4558
8975
5990
5817
7083
5147
6269
8167
252
9571
7727
2837
1778
7119
6497
5956
4853
3024
7755
2196
9468
7990
6606
7722
8651
1196
2685
6024
1230
7295
4766
5994
8017
9988
8068
6678
9926
5704
8668
1353
3962
7159
8668
7798
4905
7732
9473
2475
2056
1622
8253
1704
3113
2065
1924
5584
3475
1387
584
4147
352
172
5506
8028
7165
7100
8649
7826
9308
2311
548
8240
184
2161
8151
7585
4375
4163
9250
2989
7578
4741
4132
3692
9031
4489
517
538
9348
8415
130
2986
7872
1827
1723
4817
3374
7858
169
6381
4984
7066
1880
4231
9864
2720
8405
4110
5016
335
2297
4969
9272
2366
7478
6087
7861
8743
2121
2195
2831
5450
4717
3067
2493
2087
6435
2057
7737
2723
5285
8727
4192
5149
6940
8644
7016
1094
7218
2066
818
5461
4948
4223
8632
492
516
336
5349
1753
8895
2699
7705
2146
6357
7487
7834
8126
5231
8534
93
9211
406
9265
1905
3941
6052
5227
4235
4639
5709
3239
4272
9703
7017
2970
9329
7506
3895
8426
633
2810
741
2362
8447
6453
3351
8576
7140
7833
3837
4589
3141
8130
3746
7245
1334
6489
3294
7500
1011
9271
4309
4902
7391
322
7197
7885
8605
6549
7910
9304
2415
9858
6858
8251
4041
3594
7175
7834
2447
2293
5135
4904
9805
2628
8507
2250
732
1846
2538
8147
3506
7067
844
4810
9057
1897
5805
6332
9638
501
2379
5533
8886
5782
1594
1093
5154
3311
3067
3596
6027
9911
2958
2832
4345
3126
3963
6501
8158
9713
3484
9387
3797
1364
4770
7621
1599
5140
4329
2098
6804
9260
4665
6911
8589
1715
7425
5820
8562
7204
109
9088
2048
3548
7834
1314
2466
3816
2600
644
8003
8829
9629
1179
4404
5149
9328
8286
5250
3677
8313
2071
5354
4159
4293
21
9028
3871
5459
9795
2882
5875
5987
7891
1477
1431
8676
8032
3111
6539
5695
6748
6157
6635
6479
9750
2833
461
2631
3732
9739
2054
4252
2737
4009
8675
9271
6279
8700
8716
676
8393
2216
9139
8737
1619
2972
1926
4117
4597
8674
1927
636
4311
2256
6611
4855
3985
708
1968
3089
6971
3142
241
6484
4950
7072
124
4234
1327
5065
3542
9838
2743
6704
9889
9820
6689
2113
1837
7877
3604
9778
978
9574
6137
8921
6812
8042
5295
5387
7136
3894
2791
8365
3136
2323
8863
3033
6970
9218
5234
6460
9975
8241
4473
5253
4593
7947
9088
2762
5301
6410
9900
8084
7928
1874
7156
2354
1018
6982
7775
8885
1771
7895
4629
6772
7394
8521
285
8493
1980
1255
4206
1475
6853
9054
9943
6338
8777
4725
8442
8860
694
2200
892
373
4649
8273
446
8087
9900
8458
4675
8616
9693
5161
9994
7405
9542
8943
3021
2662
3502
2672
8107
1972
1589
8976
7609
6394
4
8866
5101
5152
8638
2569
5034
7113
7947
9151
6548
3183
5655
4198
446
8105
1068
2818
8475
1519
4404
3751
7907
4876
5373
8092
4318
2486
4464
2723
9613
9042
1650
9665
8453
337
8552
5872
3076
1218
6491
8261
2681
2964
3223
2171
6303
8157
8878
1499
6020
5832
3910
158
2797
8992
3947
6962
3122
8988
2211
6586
5574
4007
4652
3902
168
1199
7984
2061
6684
3818
235
5552
8352
1620
7057
9382
4290
5530
1005
2053
3503
5916
8331
6699
1066
2902
5379
7995
2285
5448
7525
426
9801
4188
6553
8652
4532
6573
5918
517
2684
1315
1972
6854
5356
5297
1404
7770
2438
7304
1871
2822
3023
240
3199
8895
2872
43
1385
9229
3764
9550
4360
8041
1303
4669
8788
7786
4458
6106
3528
7801
8269
3106
6931
8505
4339
8752
1150
3164
4532
9644
9146
8780
3329
7549
348
7
5285
3458
3863
8584
703
8937
8692
3478
9442
6937
7509
123
2743
7895
8148
4732
2232
852
6949
3839
8897
8294
314
2516
1372
6093
6299
6065
2249
180
1559
7108
374
9143
7520
6175
1387
2271
988
8826
2489
6165
2638
2606
5846
444
8671
291
6306
4045
2400
701
1199
4834
6828
8018
3698
6764
7815
9494
5351
9228
8718
1267
9236
931
5336
471
723
5439
8155
3259
1066
4004
2525
384
7135
5879
5263
9389
3858
1661
5951
9585
1344
4837
4700
1876
47
4164
111
5419
36
5273
3847
7681
315
4067
5399
2762
4317
9037
4304
1829
2326
1308
1147
8482
8664
2950
3048
3342
1867
3453
8381
7024
9198
4590
6740
1376
5790
3981
2146
8153
838
4001
6109
6181
782
4620
7694
966
9253
5934
1534
7018
411
7220
8005
2734
2578
3426
4615
1123
1396
5716
7189
388
9136
4930
152
3224
7387
8151
4137
158
8724
5875
5881
6389
6365
7101
6904
2309
7342
1788
7485
9437
8069
6306
3167
1452
6448
9636
2460
5418
7765
322
9723
2215
4085
4965
2388
7218
3917
9616
2267
5719
8310
5824
5256
3903
9865
6325
5504
2717
2854
5403
8162
7863
8260
2555
1231
962
9726
8346
3051
4911
6634
7717
7557
2866
644
440
4122
4743
7301
3584
2796
6685
558
2297
8762
2795
3468
2610
3425
1890
8686
6650
3005
7096
7172
5632
2237
9153
7435
9930
9587
9550
2443
7821
7707
6262
3661
8265
8671
9825
1055
2042
6632
2225
1289
2381
8072
8558
515
7245
6615
5000
6200
9472
8206
7857
3390
7959
6864
4270
3582
313
9104
8903
3003
3306
82
6033
5765
9685
4780
3071
2448
9496
5305
5321
3780
200
5155
8652
8326
3358
1204
9056
6655
7232
2156
9135
7353
3810
3254
2473
5503
6258
8099
4415
2207
410
4412
8858
5166
6548
7919
1598
5391
330
9727
9199
1102
2725
1218
8770
4073
170
4785
2813
6193
7450
2341
8936
9727
3748
3853
7149
5583
7146
9352
9699
887
1325
7516
2109
2754
738
2100
8455
9228
6433
7093
1161
7117
3286
7013
999
5980
5987
7004
113
2859
2758
842
3408
8914
8855
8545
5798
9779
3828
7882
8854
2629
2125
3879
1420
5288
6709
3250
8384
7589
6643
1748
3253
3169
3914
2298
6926
2828
7047
6204
9229
4856
8414
3332
2566
6468
6813
52
1369
3012
6755
7499
2604
2799
8948
6193
6273
8849
6813
327
4777
7473
9670
5313
618
436
1395
5375
4321
4479
1480
8880
8245
8247
9460
349
7962
9881
2000
2320
6131
5731
4303
1962
1931
8232
9067
8028
4367
7393
5638
8630
8162
4650
9050
4036
6117
4485
3007
4035
5634
2334
3157
9258
4012
8238
6541
4101
1250
5943
4994
4364
4832
4588
1418
9618
303
4139
813
1195
9153
1330
893
3767
1317
9175
497
7579
347
195
7375
377
6896
9895
6993
7528
3068
2407
1250
4586
3689
3882
9749
1382
9564
4853
613
5414
6470
8594
7596
3967
958
2750
8298
7381
3082
83
2205
6087
1562
2243
5786
5934
2710
8173
1839
3698
5774
6209
3478
3479
670
1565
8056
7531
8769
6603
6961
9388
10
930
978
2335
2091
1525
5442
6806
4167
3763
4217
5953
4410
959
7821
2512
1450
8652
4062
8632
3437
2557
8900
5289
1545
7196
9514
6819
9279
8209
5953
3119
7192
6863
8496
7692
2317
7413
9932
8442
688
8574
8573
171
7014
911
7930
77
5939
1909
3724
4699
2291
3752
7786
8172
5139
859
132
7848
1229
3646
4214
902
4032
3045
108
6553
6440
4181
840
6266
5039
8255
1465
927
1088
9611
3468
9985
1935
317
9400
5224
2829
9984
5491
5852
2456
3910
7247
9623
3439
5886
1798
8093
6426
9024
5202
8748
9201
5150
2609
3871
6403
5426
154
7166
9016
6647
5845
7990
1902
7723
8595
7438
4876
503
9850
8189
8052
434
8877
735
5838
4654
2091
7136
9858
9411
8367
2310
2555
9421
275
4715
7722
901
2214
8112
5499
6701
6347
1049
2760
1753
87
9438
5128
6616
5040
7155
3831
9578
2476
4625
134
6831
8149
1450
8388
5898
4558
9057
5589
4220
5697
9215
1632
1670
7216
5031
8438
9806
1906
8638
859
4621
4508
2842
7887
3444
2287
2157
8275
4470
1014
8735
9678
8494
5086
1375
3128
8688
338
9034
456
1151
5320
8850
6820
2846
8386
5489
7823
5077
6366
9033
3198
3394
8248
2666
1424
9064
3625
3708
2421
8165
2197
7974
3783
4008
2925
1504
3627
7263
6163
4928
5971
2841
2243
8440
6020
2461
8374
229
8303
7300
9772
372
6209
679
7029
454
5845
4746
9569
8542
466
2600
8506
1246
8964
130
4981
630
4045
4716
1253
9995
4878
9298
9551
8684
363
4534
9110
787
1537
3066
4412
4052
9635
649
1067
6449
8114
4155
6889
4901
8161
8005
5511
9777
1231
9123
9436
1097
5797
4769
3225
5437
7498
6669
7712
4576
2893
2804
8837
2209
2684
1946
224
3528
7189
2817
46
8505
6023
7654
7294
7700
4009
6120
9146
6441
502
3285
5045
7811
8977
6494
3235
5201
67
3980
1724
8336
4086
6913
8794
4312
5662
6054
4603
4781
9749
2520
6837
9357
9845
5544
7749
4327
3413
4486
6930
7647
488
1615
5689
1617
2529
2767
8588
7930
7374
4683
7115
4664
9744
3641
1363
7949
8958
3974
8507
1081
7119
1469
3906
7314
5804
607
3847
5301
3626
9682
2997
6292
2696
2833
3724
6140
8190
8843
6648
800
6866
2101
248
2078
8489
5277
4497
176
6869
7855
1378
6433
1546
657
9685
3661
1920
95
7675
4595
1958
3562
5159
1
4946
8910
7590
8393
6411
9603
7200
6009
6158
6234
1680
1725
3711
4339
5100
4465
2062
4345
3488
8546
3654
8873
8565
253
8169
4661
5454
419
8588
9850
5571
489
4360
6245
5377
9769
9983
3921
7455
5494
8482
2157
5186
4050
9321
5782
6294
971
4629
8128
9300
3145
4151
7838
7776
2518
6222
4609
3622
870
2597
859
7656
4926
7227
2633
6838
6557
6742
6496
7724
8811
7556
9221
5770
7601
7756
1029
5230
9003
9264
3958
5725
1751
9440
3812
8410
8387
5994
8110
2416
6940
5839
1955
9922
8298
6483
3038
5376
5614
2725
4071
23
5375
7995
8400
6196
3283
4350
2700
5705
9927
7838
6256
9756
6827
4887
5598
1063
3199
610
5272
6410
316
9265
213
7056
2930
221
2732
6486
2817
7547
7814
6805
5601
3020
454
6737
7113
1821
4988
8871
9791
9614
4152
5602
1211
7983
9325
9860
9319
8262
727
6312
9049
271
5159
6488
2642
8569
4984
8168
8357
5476
9814
1630
4960
7179
3086
4616
2801
5121
1150
8913
1290
107
1342
4529
3349
2135
1356
6743
6725
3722
355
8341
8229
9769
3060
7407
8924
2883
6806
7074
4111
8594
6781
6894
7102
9401
3418
532
9339
4960
6879
9424
9494
4892
8668
7576
8006
5558
9645
7979
4537
4511
5457
9379
312
3514
3581
1104
7473
2445
4932
7082
6083
3283
2276
7740
1891
7647
7380
8870
6422
3136
5192
6104
9139
9247
418
7874
6637
3671
6204
2861
8457
9293
8434
9846
9043
4950
1633
5965
9938
8537
1613
782
9009
2081
2658
146
9975
3436
2736
2152
9945
2289
1680
4400
2577
4429
9199
7377
9095
4434
3329
7413
5065
1346
6498
5345
8403
6923
8464
6197
9619
7237
678
2005
5406
6945
6163
8213
6425
9082
4792
3252
2841
4777
7819
148
604
3964
1747
1920
3204
4986
9269
2938
5825
591
1345
2743
4618
3971
1764
6756
13
3955
254
4945
3335
3659
3320
431
5910
8285
7037
2521
3315
1365
1178
748
9698
1833
358
5574
6460
5161
4173
2957
9023
1117
4281
1734
383
2376
656
8617
5338
9177
3232
7494
5845
443
543
9552
5717
7290
1910
3611
8390
3269
2575
4307
1448
1933
2820
9757
6680
8141
5674
3318
8488
2347
2624
6701
5490
6625
6795
3429
4394
6932
1386
568
2250
1125
6579
2466
6400
4658
2384
7235
1290
2769
8925
2858
7442
8627
3628
23
4724
8826
5676
8059
1241
9269
4218
9553
6667
7698
7175
1139
164
4494
1028
3190
4935
548
1029
4273
8722
9885
6085
9741
3922
9309
308
3247
6068
2782
6420
8032
4953
5214
3165
8391
6600
8750
2724
7654
9253
783
5621
1920
4641
3678
8621
9592
3461
3634
3029
7278
4644
8681
4789
2986
7774
7432
2314
678
4940
6482
771
2117
8449
7501
1735
1158
7076
2071
1176
585
3523
8325
5839
2643
1507
604
5745
778
6054
7981
6885
6939
229
7693
5348
9442
5841
671
453
1098
3629
1325
6580
2920
6986
5051
8210
8822
426
9386
4731
5918
5718
9880
259
4830
8601
9406
2395
4709
7516
7371
6504
8026
6833
2849
9030
7450
1496
2222
2486
2298
4765
7455
5757
4847
1636
5587
2668
7110
7745
6512
641
1109
4402
138
1590
3460
6082
6878
3765
1261
5184
7583
6183
4926
6441
5077
3935
866
299
4515
2324
8936
5316
5134
5754
317
6662
2608
5901
4481
9439
5028
5749
6802
6116
9017
43
6133
6376
4598
6033
9244
4006
3179
6082
8313
109
2720
2819
6812
8573
1186
3585
8042
3227
1506
4756
2229
8989
4371
8896
3195
4324
8935
7451
2714
7446
3210
892
6254
666
7660
5726
2159
6325
3586
5874
8751
5276
2536
4409
9667
1016
1371
88
9040
5661
1949
2531
8603
9087
5246
8200
1835
391
5715
8236
4184
1285
5100
3961
3809
9709
6569
626
3504
3336
7360
2092
1121
2042
4010
2730
2626
7232
7688
2643
5042
8253
3250
5050
9562
1955
5283
2649
641
6186
8644
6811
1524
5676
3380
3581
5778
7274
3971
6737
5817
1358
8026
9880
5190
9443
2222
8433
1183
9943
3926
5060
6595
8179
8466
1089
8671
750
862
3979
3993
8171
2050
7121
4989
7560
6901
3714
927
7165
2871
6228
4296
2069
2010
183
1077
5985
2053
6144
780
4007
4049
2273
7639
4253
8421
3380
2434
6287
3437
5146
8867
3305
72
8688
668
2967
9829
8006
2866
3175
9216
1821
5922
1120
5381
8633
7050
7474
7918
3154
9382
972
754
7600
5728
1334
7221
6264
1776
2731
2141
4163
1911
3195
45
9717
1166
2487
3112
3072
3107
7922
2773
6901
9337
1073
4938
4908
8878
8309
4769
6029
8951
4462
3354
3021
7722
6119
2279
4312
6799
357
2386
1753
6254
9462
5495
2050
5669
6075
9992
6261
1570
5426
4685
4959
2519
7676
7363
8856
6525
9394
4950
5127
7982
316
7576
3670
4645
9352
7999
9480
1731
3888
443
782
8910
1505
6829
41
5608
7014
2037
2896
1262
4147
421
1869
3408
7023
2330
6106
6873
3577
8752
3874
3929
9060
7107
8985
2063
667
9148
2636
4948
8178
1664
9399
3629
694
1456
757
872
6096
4881
6059
2340
8648
1865
9662
5288
1707
2417
1779
274
9401
6847
2550
3318
7075
714
2085
8032
6566
6231
2591
3
5642
8867
3533
3986
5240
6252
9338
84
2152
2352
1596
2033
4234
5699
4448
1317
8250
6378
9918
3820
7360
9273
5012
7179
9926
1125
1507
1503
3412
903
2522
5675
8913
1662
576
8285
846
8813
4981
4782
9003
5456
6216
1865
7918
6784
1359
1763
5923
5162
40
8795
5354
8631
6317
4363
3125
7744
1611
2294
9790
9223
4364
4044
1450
2474
34
5668
3837
6244
8598
851
4924
7357
2078
289
3890
6931
155
7289
928
6287
9842
5245
8003
6379
8119
1722
24
5040
2943
9562
9089
3519
246
7021
764
6191
8303
7494
9975
3194
8190
1907
6271
9995
3877
6687
1824
7533
7033
725
4630
1521
2671
524
537
5728
5855
9045
5358
2709
3832
5421
375
557
3865
7806
1623
4542
7205
7914
7840
3549
5511
1574
1752
6330
9407
7674
6408
9903
3926
1504
296
8618
7904
7103
7090
6207
1558
5362
9492
1273
6595
1895
6445
9738
2109
9798
2368
4044
3130
4748
1099
9578
2941
9831
3365
3119
7418
7967
6002
8900
764
9692
7772
5509
6446
7033
5049
7165
9346
4907
2945
4507
8704
878
403
1365
1777
4968
896
5242
2059
881
912
9224
2353
4708
8742
3913
2254
2715
5775
35
8613
2558
208
4830
695
4410
7907
2000
6183
163
3739
6139
7097
3102
7738
9175
9259
1391
756
2551
5902
6265
99
9971
7285
8535
9027
7876
9632
323
6649
4216
5820
4761
8241
9421
4213
5230
2667
9620
6874
6641
4244
5417
8939
3512
9457
170
7294
8561
7439
7612
2427
5048
6005
9730
2471
3705
5355
7420
3599
3199
3864
121
4264
9234
5434
4032
5163
9275
8967
3882
9534
4406
4059
4985
1069
5883
595
6573
7520
5639
1562
3456
5658
1229
3058
138
3765
8303
2273
736
8443
6272
5907
6075
696
6746
7647
8777
8792
7958
4187
6414
3077
3555
1791
798
7374
7563
325
9626
2285
2814
9704
4418
4951
7371
263
1041
4079
4186
9804
3464
7910
4520
5165
184
2112
4339
5529
8740
7986
2574
7187
2405
7241
3526
4956
3345
7455
4353
7588
7047
6236
7528
9663
9999
6049
3227
8299
7989
4259
1930
1281
3258
6829
7785
2044
9385
2586
4809
5813
1097
3922
2765
299
4761
3028
5312
2706
3175
3790
2290
1789
600
9899
6999
302
2115
5755
4518
4628
2007
51
9458
9219
3233
9440
4213
5283
5334
4822
1835
3939
4571
760
579
7151
9392
1504
2441
8448
2616
6687
9387
2238
9769
1193
6661
88
1180
9632
1861
4933
9059
2548
8028
4250
7678
1387
1437
3483
6898
2877
4969
3022
7788
6450
4120
4693
3060
2743
298
3544
8990
2527
35
9368
2936
703
4154
8947
7281
7077
2214
2439
1157
7455
3200
8286
442
5679
8991
1052
484
9759
5459
9091
2548
618
8964
1960
8312
1017
4213
7545
1726
5008
5772
4955
5524
4448
5293
7440
986
4539
782
771
5391
3144
1457
1246
6423
1383
1812
3587
3223
2070
1917
5571
5108
971
5734
6358
6226
6911
2286
8308
5767
3189
5765
3970
757
8245
4921
9053
8957
9860
5680
4239
9314
8968
9135
7955
7458
2091
242
9695
8076
7337
925
1611
9759
9217
9292
4549
399
626
3136
8319
9092
1246
5114
5419
1920
1957
5458
3651
6716
390
4799
358
2439
1670
8664
5607
4303
1969
8364
1940
4410
305
9673
2418
7720
4674
4283
2935
2595
1688
1633
3083
4271
2166
6492
1302
4255
4690
4211
8530
6826
924
1750
4851
9180
7573
4776
68
6272
5741
9884
3634
9312
9469
1390
5231
7885
9161
8896
3146
1311
9542
9374
6195
6867
1956
543
6558
2135
6223
4509
1521
6383
6865
8570
3848
9657
890
8811
3149
8305
3173
5242
1781
7292
8458
2693
2691
3045
2525
600
2782
9897
9858
7952
8262
3873
2329
6135
4599
2181
7194
8367
4343
9467
4165
5040
5336
4649
1095
5321
9822
3202
612
4771
3933
3029
1743
2547
8065
9876
6354
4680
3002
425
2693
2014
1773
2830
5514
6696
7383
9685
7552
4123
2727
4106
59
2801
9496
8940
4588
850
249
2959
2271
2842
9607
1552
2613
6827
9492
1145
2541
4114
2115
344
7611
4733
4200
6848
6904
8053
1865
157
1459
372
9232
3831
2941
601
4408
4846
6023
1251
5425
8738
6176
1467
3601
2750
528
356
6633
7326
7169
6753
4093
6448
1585
1897
6280
7230
7504
5151
4395
4459
4643
2184
1322
9328
1540
2820
4682
5429
4601
6391
3981
4285
1378
635
2056
2549
6860
9704
5104
7569
7669
6644
9804
257
6104
2010
4195
8536
8952
4280
8728
1443
902
9995
797
5356
7518
3778
4843
6937
4015
7025
8623
1201
2869
9626
4211
4515
6652
2501
2728
225
500
4349
9948
3882
2417
7583
60
186
1397
1655
6599
2571
4164
9280
3305
4508
3846
8068
9880
417
7763
2124
9451
1006
1278
4253
2240
3180
8784
389
4281
7223
2638
3619
6554
9669
2922
5596
2354
4719
3056
859
3877
5679
4282
4788
9795
4167
1882
9421
9163
3899
3891
8955
9346
1617
2441
64
3710
8914
1608
505
5997
9032
7417
1619
5916
5618
63
3054
5526
2817
8466
5012
7737
4827
6523
4716
8610
7003
2442
7198
8292
8233
5274
838
1724
7926
4803
2773
8129
841
3338
2134
5998
4287
8312
7655
6948
5607
7158
2622
3002
4181
6792
9117
9532
681
9075
8999
9940
7526
7532
7763
73
453
6377
4427
2110
2980
9525
3750
6693
5296
8508
4278
6010
5002
2456
4861
6484
3246
9879
2153
4757
9963
4890
3501
1784
6892
1027
4491
9577
3052
4346
419
4778
8242
6256
7673
7435
3525
159
4657
7934
5276
1643
7669
341
216
6867
4793
509
4376
4827
6516
3242
6363
13
5146
1059
2934
9848
6413
5844
2929
7930
3134
4104
840
257
2937
3134
6501
8503
8697
9801
3798
6969
4345
8245
6660
2088
9850
1929
526
2351
5047
6185
5337
8516
4413
2871
7175
4337
6054
8482
8392
9025
2566
4959
9457
5838
8017
9902
8256
530
1345
4978
8104
1427
4463
1063
2537
5235
3760
685
8103
5168
9603
6492
583
7819
32
2447
1481
2689
3960
9098
4798
2481
4286
7351
9969
5484
9923
4442
2732
2187
6186
9328
7038
1289
9426
1881
9586
3678
5384
4928
4987
4159
8604
9265
64
3445
8031
2834
9658
5766
9483
3676
578
4331
6436
4796
2029
1348
3899
8647
72
6040
9524
5450
8588
2578
6761
4115
630
3606
5216
6344
5256
4141
3618
5733
5298
7819
283
3841
513
2331
3905
9157
4824
711
1806
7894
3004
7382
3401
8820
8288
6601
7954
5090
8477
8232
6985
7979
1619
8857
1537
2767
6843
8749
6929
9193
1602
7399
3774
623
9967
9695
20
5671
6959
8194
8835
16
4127
5048
1608
8765
8366
113
9650
608
7266
4196
7214
277
8478
2415
8554
586
2602
6760
6133
4323
9483
4435
860
9069
8478
803
8474
2711
5646
4684
9162
8514
9651
1272
6608
8038
737
7586
5251
1730
7474
1977
2698
5733
6160
2840
3574
1182
2523
1219
9337
8759
3034
9545
7653
7666
4163
8708
3987
2968
7639
806
4653
989
9514
6431
8830
9139
9759
4205
3934
5354
3675
7080
8244
2652
7280
133
3747
1204
5519
4503
8728
2218
1874
3569
6893
7359
8246
1441
2185
6637
6519
3592
2844
1560
5793
1167
6854
1762
1785
6145
1187
9650
4051
5314
59
9892
1246
5004
2446
2060
7337
5342
7982
7901
2366
7057
414
836
4316
2313
3719
6104
3265
6912
1457
7383
534
1642
943
5819
9097
7868
8347
3100
7208
425
5605
7333
6269
7538
5974
5425
6226
6787
6687
6375
1075
5618
9393
4681
3221
1641
8525
1924
1587
238
9154
3853
651
7827
999
1586
9983
2914
4119
8444
472
939
613
7402
878
7771
8594
1241
9223
2427
7847
9185
5858
7555
6375
1443
7977
7807
9493
2099
3837
9032
9517
1944
7575
340
8216
4650
6342
571
2437
1878
3500
7704
6989
5858
7601
9793
8481
4124
8014
1182
687
2514
7981
9093
5125
8423
6631
3436
6127
7561
921
3149
4214
2027
4217
3309
728
5182
1811
9588
2748
9598
1689
7593
2558
6203
2535
2109
4173
3898
4852
9108
6908
1542
4092
3998
990
1300
4820
8096
2010
8651
304
7522
9835
7787
7766
2191
2895
4768
1972
7220
6618
7365
278
5061
7381
2296
2167
8725
101
6024
816
4586
3317
4371
9524
1479
8310
9618
2
2351
5782
7078
73
6828
6301
8681
2056
8156
9877
7339
0
2349
3023
3372
3192
5639
1549
9875
6732
578
6006
7387
2734
337
1062
5783
1844
896
7968
7839
845
5524
5114
4206
4782
1969
7995
9393
9829
5557
5739
3410
2267
7436
9933
6904
9116
9333
9423
25
5368
9061
5841
8870
4269
7545
7481
6181
7404
3416
248
480
8199
6323
157
3742
6823
5114
5072
2086
804
820
1847
8733
8224
9151
1647
5088
2425
479
1675
2728
4952
7231
6196
2035
6097
2212
1639
5128
1195
1165
8934
2617
5573
9992
33
8795
9458
6217
6826
3711
5113
624
6617
4719
3492
6705
6381
1607
8873
8900
893
2833
4803
2750
2262
8644
9004
7068
3267
902
6919
6031
4900
5553
1342
2328
9618
4719
6737
7971
3064
8384
1127
3675
3975
5693
9568
9801
3270
6831
6115
3604
4566
7798
7833
4552
6342
1688
3420
2881
6678
8610
8337
5109
5359
9019
6886
8122
7579
1097
3209
5088
9292
4713
8978
5580
4948
2032
8371
7680
2020
9848
4282
6686
9472
9716
4959
8935
8831
1033
7508
2923
1863
734
8985
1366
2618
3247
1992
8932
769
5899
8790
8534
4681
1161
2187
9169
8539
8707
2569
4866
8103
8382
1530
8364
4873
729
1413
8823
3026
7009
792
7630
8177
2730
6015
1447
7966
5927
8217
1891
7799
5181
4748
3380
7667
9923
2878
9871
9423
508
110
1056
2157
4716
2837
3062
9331
4429
418
4466
9548
3846
7422
8407
9453
7338
824
9853
9900
442
1893
4897
2868
1831
4231
4945
6998
8635
4665
5878
6003
4365
6377
5085
6631
8015
8635
825
9114
3916
3597
5878
7869
628
6317
2601
6819
4345
6323
2691
3515
4482
9871
238
71
9364
7361
7798
5587
2579
7457
8774
3262
7723
6063
8312
5777
3068
9334
9695
3961
7496
3021
5171
8681
474
7805
4447
2110
1485
5617
9432
471
322
3314
3827
1519
8752
9215
9280
395
1875
2364
2726
84
1629
8654
4347
1826
9450
939
4203
6757
5599
1933
3094
5468
1932
4545
6188
4687
341
3513
5156
1349
1734
2707
9228
7655
4290
9858
755
8171
1231
3897
8046
649
1620
3284
2822
5725
486
6374
1114
9650
7234
5397
1884
6039
3918
5929
7310
3871
1582
8353
6909
2213
5081
4454
5771
3373
7520
3485
1518
3740
6410
9500
8468
4365
6311
8136
3269
4427
8391
1939
5065
5518
6170
7608
4874
582
3391
212
734
2653
2412
8937
6464
8603
422
1104
34
3462
69
9054
8560
6943
1175
3817
7063
7554
9952
4516
8799
9243
6145
9061
9026
4818
9686
8636
1337
9329
937
9579
1713
4419
415
7731
4130
8811
6582
1394
9308
3535
2771
1217
5709
6139
7378
1054
2264
274
7796
8429
8307
5532
4410
4954
789
4749
6099
5300
1985
7856
9957
2271
9432
9394
3545
983
8621
5751
650
7671
4013
1209
9666
2257
7121
6770
9372
3343
4846
2544
3786
4729
9487
2002
2389
2827
316
8881
7355
4870
7969
4195
4974
4206
338
6755
5597
6700
1659
3615
3070
5211
4502
2470
732
7535
456
5736
678
3672
6676
3408
3219
7554
4817
8700
697
3678
4505
2299
6268
897
2424
8199
2149
7213
5243
344
3285
5361
1148
5188
7794
5377
6512
9182
1916
8587
462
8113
4035
8562
3759
9068
3022
4676
1162
4170
7684
8585
2623
8422
475
3215
3529
1748
125
4396
4494
1562
1164
8795
6741
2275
3650
3579
6070
6609
2212
5118
251
9902
6188
4561
1199
9044
9472
3948
8522
628
7066
9285
3058
6690
5324
8929
382
9115
3245
3591
5269
6955
8814
5483
1949
7721
3551
5485
5680
7412
4210
1313
8053
7476
6868
8267
8015
5955
6833
8794
9459
8044
5458
3390
4658
4862
9066
7972
5567
7325
4160
5861
272
2884
7001
8612
7627
4296
8050
2726
6546
9009
4295
7097
9449
9114
4134
803
2821
6267
3033
6642
5480
2341
6995
5792
9218
4696
2678
4688
7215
1548
6835
6398
1735
9944
5331
2695
4342
5681
5419
8850
3856
9938
6059
1876
9899
8611
7406
5293
5035
4519
3255
1434
3823
8927
2761
9024
8979
7751
1757
5444
466
4727
9103
2206
6375
4384
3063
1646
924
1732
5247
3119
691
4441
8863
8214
2103
7330
5462
3666
904
4292
405
3420
6608
726
9145
6714
5550
4530
2834
12
6820
4441
9099
7357
118
620
8569
581
5828
1684
8530
9475
9073
6693
1598
4416
3112
4848
117
1797
4187
5414
999
4342
3165
6601
5600
2406
373
5995
789
9949
4402
3989
8737
7964
8246
7703
8473
7593
9255
6909
6885
7059
6964
2829
7703
9139
9449
360
5304
1849
3064
2157
9098
6981
8073
7095
3065
6499
726
784
4030
3452
1939
4715
6271
7334
5258
8631
273
7778
4777
7583
6786
7380
2474
7560
6108
9247
5246
4950
7685
2828
982
5345
2128
4197
2832
1074
3714
895
4298
9147
7383
6190
3409
1272
8678
117
2172
6585
5061
9572
2679
9512
8497
9292
1943
211
153
6473
6318
7031
4735
2201
4374
1567
3938
1567
1965
1754
7709
5963
1790
7853
2894
7385
3741
4867
5782
159
2193
1058
3464
2042
9186
8506
9881
7052
1563
4385
3994
9014
4409
8546
6250
8144
1332
9680
6732
3928
5646
8888
1714
332
1628
2841
313
6561
6213
2581
5426
3495
7320
8760
2239
6972
2538
9465
9604
1233
8126
5185
6715
3910
6216
747
488
1988
7530
2286
5750
7887
1717
6958
5374
9137
1898
5180
4925
5316
3939
4188
1325
4268
8917
9046
7785
885
1280
5530
477
9276
7835
7574
4805
1367
2761
2625
5310
7721
6856
4472
4710
1215
6212
3993
3071
163
7405
4487
6960
6735
3210
597
2373
7966
564
4599
7364
4437
7540
218
8111
600
7512
4512
5060
471
2164
7125
2386
3068
511
9042
6692
2733
560
9477
1052
9236
946
5256
1813
8687
4771
3241
5946
5458
139
2831
5939
1983
5109
476
8543
281
3612
2304
8946
9664
900
4438
3430
9164
2849
6280
8982
4237
2474
4298
5354
84
7209
3969
4078
2399
5670
9833
1069
1643
1621
1780
8375
3099
269
2527
539
7947
2600
6216
8687
5578
6110
5084
4541
4926
2176
5348
3986
8789
8227
2555
7960
8679
4303
9372
9555
1691
3671
6330
114
7179
2955
2844
1954
7758
249
5506
7746
6422
5046
175
1015
4213
6106
5827
71
5507
8793
3240
313
9759
4575
3270
6797
7732
7245
4766
5052
4475
795
9765
4889
5760
3150
6545
9969
2668
7034
4562
7345
197
2058
3057
2274
8819
5322
2109
4449
3158
9476
2681
9616
3982
5512
8101
3309
9087
5736
610
9122
3403
3576
2501
6280
936
9225
1002
9907
2930
4031
8676
5874
9567
2445
2184
5328
6077
5333
5446
4319
483
2722
6651
6414
6590
6836
1149
2000
8763
7858
1193
8265
345
4281
7150
5721
3163
5863
8427
3685
2605
916
893
6328
7471
9926
1032
6495
3820
5555
886
2575
6540
6544
5784
8510
4282
7072
7292
2691
9164
2162
6458
9102
3422
2673
1381
743
6605
6977
7768
7961
2774
3679
79
6396
5292
5234
7666
4243
6406
9210
7736
6075
3237
7513
6502
6318
520
368
2221
3115
3679
1215
8144
8110
1357
9248
6428
4677
2378
8327
5044
8094
2296
8390
6321
6776
4635
9164
2085
8701
8303
9321
7182
8583
9531
9468
3200
4500
2136
4038
9431
554
4022
8434
9821
9345
2796
4863
3748
7291
2673
6958
4491
7271
4533
4368
8941
5576
8711
9766
5246
7628
7685
6276
6803
1795
1794
975
2372
8801
3616
3730
5905
8140
4402
8336
2321
5567
6131
5876
9903
3795
1240
3419
6171
8355
9165
2382
8018
1196
8059
6428
204
9749
7182
8181
8757
7871
8164
2863
1153
9771
5508
6616
5776
3378
528
7125
2495
9312
4549
9916
3018
2637
6089
6782
2900
2889
4021
9159
4047
4813
7717
2100
4512
9297
4031
9840
8946
6833
353
5278
7044
3815
9898
4021
7130
62
5446
9150
3813
5338
2181
8898
6846
4788
7569
2218
2068
2003
5389
6377
7190
453
5291
6752
9546
4029
2415
4335
6538
9125
8316
6370
7481
7508
9974
8982
9019
6234
8687
2415
8772
5583
5460
2915
1656
1805
8871
1830
3882
4481
9814
2070
8303
1368
519
1940
1090
122
2651
1232
7973
626
3841
1095
1413
1521
1081
3921
6623
5388
2260
938
1546
8247
1952
5971
8628
6231
6941
4067
7222
8730
2848
4274
9150
5229
6308
8180
8467
369
3898
8929
458
5859
4117
7815
8489
9645
4475
333
920
5518
2368
5278
6950
1826
3243
2240
1122
5153
5159
4948
4949
7993
9209
6063
8050
2305
7222
7165
7934
3827
2375
3827
3366
2563
9439
4439
186
2903
1159
7289
9189
6965
1875
3878
5458
6653
3558
3620
8111
2907
8701
3708
6971
9950
1917
5807
6091
4430
5443
5790
5543
5704
7175
3525
4570
9620
2008
4964
990
8323
9151
6683
701
7437
8161
4214
3380
3864
6269
7562
8346
4288
6693
592
6238
4971
7677
9178
1327
9475
5066
5051
5727
992
7765
4980
1935
9980
48
6065
8777
6787
3490
2326
8444
5242
4871
7410
9614
4525
2552
8430
1226
5439
2573
4297
9599
5851
1075
3000
5874
6535
4235
446
9377
3320
1007
2615
5407
7463
9383
7984
769
2720
2919
1210
838
1515
6644
1758
1495
3000
6129
8482
472
2458
6005
7267
6024
2370
5334
3888
3862
7184
360
9267
7424
456
8042
6598
3687
2161
7031
5472
7155
697
3939
7472
3800
1105
5619
8243
775
4799
6925
1963
9883
9489
4347
3642
6456
8044
6338
3992
7001
4793
7646
7783
8905
4838
1715
2357
9500
3154
2473
9660
8670
5355
3041
9033
7156
2273
1680
3789
7480
9211
3632
3450
9911
7989
8635
7532
6050
4463
9553
2100
8103
6873
9341
5952
4754
2447
6264
687
180
6929
4183
5449
6184
5738
5072
8721
5895
9610
5605
7446
1973
321
9780
382
4946
7472
5294
6325
9790
2750
8278
9596
7684
8394
1129
9681
683
2881
5896
4134
2040
5577
2421
716
1626
7110
7044
2558
2606
7509
1980
8817
5388
2426
1033
3997
2753
5594
3432
9184
3077
3197
9917
4476
6388
1858
2209
7436
1648
6406
7688
5924
1483
6416
2379
5633
7226
6551
3751
9486
5323
3840
7771
5414
9583
6192
3586
7483
8571
3569
556
8823
9656
7641
507
1099
1912
6408
931
5031
4787
4298
4213
2891
8053
2463
7664
6012
9355
9096
6209
9631
3321
3549
2873
1234
1832
7996
1206
4321
7061
7871
4716
4890
9008
6169
3780
1506
2724
3215
9972
7054
9844
1759
104
329
3655
4112
334
9005
8451
2773
788
5275
3304
6272
3121
2816
7876
6464
2065
439
1399
1116
8529
7665
6636
2044
3679
9788
5999
5796
9867
3095
3778
9817
1338
6020
4972
4621
2982
2060
572
1090
1164
4189
440
3760
9283
3029
2079
4098
7095
4307
160
2753
1365
9442
9876
8063
2528
3118
2790
4719
4238
9342
6716
4028
836
6109
2767
1247
3617
6734
6499
6498
2736
8918
4953
5540
5283
9705
6713
6748
5717
4212
5938
2530
4016
2147
564
4919
2626
9737
6999
1551
2907
5934
5193
3294
6524
8674
201
4338
4656
5813
454
6782
1958
873
2199
5966
6381
6599
6032
5537
9742
9713
6816
429
1295
8
5060
8905
8757
8916
5883
7774
4925
1030
738
4801
3156
5669
3285
8649
810
9654
2707
9723
5937
3987
860
3865
4430
104
8416
398
7471
6824
4271
6135
6183
336
229
4581
8935
7277
1827
5482
5569
3284
912
946
8086
7461
545
5382
0
2487
4711
7102
9484
4600
4557
8259
3814
7734
9444
4016
8278
7021
6259
6058
2426
3023
1486
536
9914
2984
3993
7150
5427
3729
2189
6743
844
4695
9696
8596
6446
8967
6749
7003
8242
7283
3176
2903
9503
355
6737
9531
5006
7020
1632
126
8416
9746
8544
243
5137
3313
1180
8280
1117
2122
4722
5869
8974
7120
6770
519
3277
314
6945
669
6807
9282
6426
8122
3102
1138
7508
3932
1727
9567
9156
7353
9139
8748
9033
2963
5014
1677
2836
1146
640
5326
4734
8382
8578
8726
4482
1499
6913
3867
7811
5399
2133
8715
3273
6212
9867
7508
7712
5209
6898
1009
1593
9394
3283
3613
6076
6415
4182
3801
1717
1102
2463
8887
2986
9961
2699
9029
2728
6279
8754
9640
6429
8278
7643
4223
5935
1536
8578
78
8285
5468
1380
8123
7305
5504
2588
3072
7954
3790
204
9665
1235
5627
8068
5477
6458
7303
6290
1269
755
9701
1311
4596
4436
1272
6057
2298
9352
222
6364
6800
7116
4588
3612
7506
6533
6287
5202
8003
6904
1790
5933
1173
9595
9779
1119
435
9859
850
4862
1578
9588
379
5789
2496
7054
3508
9725
7355
7172
8547
9462
8606
6795
4961
8202
2727
9252
2244
8759
8642
2394
4741
5912
6486
4991
117
6108
9446
7632
4825
5597
729
5362
2092
885
1219
407
7474
5118
4292
4953
3440
8918
9027
7051
1013
8524
3599
4565
6480
7039
851
3545
8572
3137
3162
9419
3424
9400
2155
4217
1027
9006
2778
2964
8364
2972
4087
7821
698
2666
5524
3293
4393
7688
3049
2451
1927
2670
3051
8756
2079
2023
3678
1107
2078
6459
5180
7243
9257
3021
5969
1521
7907
6765
5326
5168
6222
5085
702
9280
2325
6867
2492
9799
7985
5622
6157
6918
6162
2538
2983
3063
7457
1748
1326
5997
8489
1251
469
2517
1460
8150
9397
7005
2893
5070
2430
7151
4148
4868
8174
8564
9986
571
1783
2731
8764
7086
1343
1348
3562
7344
6817
1551
8441
7153
5898
1288
6891
9194
1605
9401
489
1463
5074
9788
1221
4784
2735
2143
2895
6726
9862
5433
8583
4951
2111
4853
8317
6472
9537
699
7577
5111
4653
131
6124
4221
8072
5680
1674
8852
3185
8754
2556
1260
5842
6772
5078
7454
7734
2031
5125
3329
1736
3313
2687
5785
3144
4696
8537
8091
7336
7720
3219
3170
3393
9156
8036
489
9755
6591
1117
665
9958
7714
1672
9793
1864
2723
5453
3400
5537
9299
8397
7531
1305
6727
1878
3792
8675
9952
9582
4666
2265
7980
6223
4963
7605
6783
6848
6254
3646
4337
5004
2991
7028
3074
2719
7583
8401
2525
1914
5239
9087
27
7910
3873
6756
1969
4338
9494
3760
2103
98
403
393
9070
6756
8670
8953
3978
3943
4479
2671
4130
1059
964
4402
6594
2918
8965
5700
1274
8238
2276
7846
1426
322
3505
1857
9063
1981
2046
9377
2701
2356
4964
3165
8237
6567
6377
8432
2862
7571
1965
9868
5782
347
8417
6561
207
7314
1481
7271
8724
5369
806
8121
5064
5893
3016
6566
6117
2512
2616
5557
1736
7807
4115
1993
5297
7895
5385
3526
3350
4010
3741
7303
7272
3874
9439
7674
1112
1647
4407
4709
3244
1083
8141
1664
65
1833
2460
2746
2924
5076
4928
9351
4612
9079
7120
9271
8946
5791
1005
1500
5142
9967
8664
9610
8790
1152
8144
5614
8495
3636
5857
9481
8299
6495
1912
308
8293
8680
7491
665
5645
4741
4507
9007
5438
2687
5651
7821
1664
5342
2328
7484
8144
8605
4874
261
2141
7360
9189
9622
5169
9720
9134
6322
8691
8520
8343
6308
8439
6066
4330
1060
9256
6400
8699
4691
6416
3973
6560
930
9523
6388
9205
9613
3845
7925
681
373
1821
2225
2213
9004
1112
8222
2349
590
3938
2420
8265
6761
1785
8942
869
75
5886
195
9079
108
6031
808
4911
8668
8566
4895
9568
5851
8504
645
81
5443
3041
4502
4547
733
3873
1609
7101
100
2493
312
4881
4936
2455
2536
9485
6301
1373
101
5763
5633
8833
2304
8974
7352
9160
3957
2714
5704
2280
9166
7874
1402
2975
4791
448
268
507
8894
1093
8001
9749
2871
4669
2810
8248
5453
2687
1598
8351
4699
8338
9076
1903
8180
6760
4297
3847
1968
8752
5159
8221
2184
441
2698
9147
1818
4239
518
3787
4758
9951
9095
2797
2740
645
8481
3382
8994
7948
3472
8482
3313
5273
6021
9705
6152
1399
3420
8319
7617
9764
6024
2744
3762
953
7529
2681
9597
5166
9186
3696
5927
2154
5573
6774
1597
3894
979
2607
8881
9863
5798
6926
8922
2305
7022
7202
6658
1993
951
5605
9980
158
2295
500
8096
5844
2545
9064
6564
8351
3813
4070
7965
3526
4359
2670
6258
9138
8149
9350
6627
6954
5906
747
4321
8974
7166
9265
8507
5684
120
9842
2686
2959
7934
1900
3096
3219
1849
1076
5458
1468
4954
8667
9923
2627
9754
912
6465
2755
2660
2577
5155
2321
1137
4536
4893
3995
5925
535
504
4465
4864
3214
3319
1356
2754
6189
148
2011
6326
7823
2638
9868
6678
6885
9755
7647
6502
6010
7517
4871
3618
8815
9636
9484
4415
2350
9018
3312
5244
9499
3367
2798
1984
5372
1908
3623
3020
5562
1370
7997
3380
7310
1003
5798
1295
4446
2177
9148
4412
2340
7878
7811
4574
9035
2819
4529
5609
9222
8829
6698
6803
9066
9663
9987
3596
5918
9095
3689
2995
8898
484
6710
1034
3421
6752
3076
3614
4437
4638
7826
471
55
6425
6503
7746
5062
4171
9201
7792
385
2533
3215
2330
7279
4908
4460
8667
5927
8287
3307
783
3751
544
9940
6517
2920
6528
8126
6955
1865
5015
7365
5430
6421
8866
2435
8989
7525
6473
2567
1407
9475
7475
2682
7936
4400
6195
6194
8507
367
7728
4178
6171
5731
7770
6001
5520
5908
3812
6887
3997
6687
9571
1745
9346
2683
867
3609
2673
872
490
2962
9894
9405
846
1614
3372
6128
1942
5469
3582
4969
5872
2625
4648
208
3972
9525
497
8682
7779
4288
3362
6378
3038
5339
277
987
9046
5441
7703
7352
3776
993
1004
135
6259
9746
4504
4755
173
3013
2936
1539
5541
5653
1360
6909
8354
8622
6627
4942
8300
7314
5533
6193
2883
9426
1786
7306
7110
5927
5121
7785
5115
1422
4289
639
1363
3698
567
8898
2277
7501
1917
6291
7305
7029
1905
6461
1576
79
829
6895
4658
9038
4649
7698
8679
5722
8515
924
5851
6967
260
11
5954
1992
4196
6657
8579
7371
2594
9063
2025
3332
4115
4129
2593
3514
6898
2565
3982
6955
6698
8338
4925
5237
6242
5098
3654
9420
4857
3380
7558
6995
4576
5251
3971
101
6227
9634
4061
1133
6704
6362
5008
7104
2868
8501
4342
6654
4448
7426
5020
1895
7648
4638
418
3154
3762
815
5875
3025
4663
1830
4174
5603
3937
9890
6570
9067
2117
3633
6824
839
1514
5312
6156
9742
8786
2150
6991
2716
5977
998
1358
3179
3825
1178
131
7073
8291
5106
3983
3270
4050
8692
9906
7448
8501
1461
9933
7340
7707
7194
1534
9998
2554
590
273
2733
3239
8459
485
5507
519
7116
2201
8901
1384
2759
5407
6405
1969
641
6708
4933
4885
78
6610
153
6742
2409
6172
1587
1821
6094
4448
919
264
883
3438
6294
9499
5157
8651
3914
5693
4426
650
636
5256
4439
5348
5632
1991
1184
5385
7212
6056
2143
2528
3128
702
3196
871
7806
4636
5791
5800
4009
1456
625
8266
6278
8254
1431
4335
976
8316
2866
3632
6448
3560
2827
8750
3302
2352
3286
4450
2889
3728
7135
9297
4950
7398
8523
6325
2889
1684
2912
2383
3586
7453
3994
7924
9409
8384
7075
5491
8084
2104
7398
5549
6348
4818
8452
3879
5945
7183
9043
6675
4087
7311
1624
2817
2834
3855
4528
4910
8065
6412
5667
765
7239
4790
5121
4618
5984
8715
2132
2889
8787
7608
6439
3953
2222
9395
7540
6906
4310
2425
3724
2346
432
383
478
7992
7507
2631
6241
8114
4030
6970
3315
4449
5196
3352
2975
1256
8797
2402
9428
4063
6553
6891
9403
8951
9995
8859
6361
7573
3682
8190
2545
5984
2994
4545
7414
756
8857
5685
9797
7181
8083
9795
7888
3690
2243
5705
9490
1887
9747
6087
974
3072
7109
8947
3229
5513
7242
8283
6170
2685
3071
1950
7642
8493
8789
3531
3359
8605
7452
1017
8890
3151
2114
3778
586
1231
9211
3394
9452
6944
4873
2566
4877
5109
6864
9882
7287
8328
3544
3134
5976
3875
3013
3521
5937
5158
2237
8910
7216
9974
7374
5423
1420
6406
716
5093
3628
4350
6817
4182
1651
3951
4286
1045
2284
8174
2209
3952
4388
8688
8835
7110
9779
9791
8427
4474
9284
6093
5857
3806
2607
660
7454
1487
6566
3110
1490
7193
9911
1546
9698
7812
3759
5573
5135
5038
3981
9910
1317
3677
3784
7098
4165
1174
2239
9624
1009
6775
5802
113
7223
8944
7325
1134
443
3480
2767
587
8325
1972
2783
4324
8886
1769
7568
7836
4130
9748
2488
2501
2809
1138
4229
7679
5978
3178
6617
3974
4680
7441
7274
3450
6578
625
9062
8889
1273
2299
9254
5378
9736
5297
7671
4558
2726
1811
2868
3586
8635
871
5310
88
5906
7193
5520
2590
2342
7440
4893
8444
8373
7062
8603
8258
9465
5894
7287
1494
9710
1735
3861
6305
7944
2878
8427
2244
7353
2884
2394
545
6325
5993
6157
733
1004
2527
4723
1326
3138
5719
7100
1617
9408
9332
3452
5959
2923
7726
5908
7509
839
3846
501
4337
2268
4293
7109
2373
8789
1640
4030
9064
628
5062
296
465
516
5602
4658
5216
5427
7556
7776
177
3742
6350
9533
6295
9141
7035
4723
1458
3678
795
2517
9166
8990
5630
8580
5053
3691
9154
5211
3588
4047
7598
4733
4943
4631
9626
8861
4263
1100
463
6681
8272
8880
6125
76
9425
3551
1599
7013
1299
7521
2593
7815
2196
4397
7061
5622
6521
9825
7239
1544
6299
2524
5868
2564
2748
4808
9169
7599
7141
1894
2087
9974
6437
1645
9638
9162
5928
1341
7763
2997
7125
5185
1611
9230
5234
2807
2692
9393
3833
1890
8912
7936
3047
8559
5881
7657
3105
4549
7927
3592
1318
975
5764
5767
3962
6395
668
4274
554
5215
2859
8708
6962
6581
3675
831
7143
8771
4355
7839
7999
2584
9141
105
7588
6705
4668
2484
2039
8084
4530
1650
7285
4368
6269
7288
8875
6932
6027
4291
7014
1346
4116
7223
5084
5646
8315
9985
4397
9456
3988
9914
8041
2461
405
8634
8874
3410
7545
1183
680
1170
9201
5003
7391
1366
6761
2643
3365
5528
7445
7580
6330
4094
2467
5587
4247
890
2796
5439
9258
9277
3366
7085
2306
3647
3926
4966
2244
2739
3024
2200
8050
9367
486
3591
410
8828
8390
4216
4297
955
5639
9942
209
8953
941
6313
54
452
7799
9720
4815
867
3329
6005
7640
8669
6197
8812
4203
6627
4372
5199
7934
2516
1900
8462
5505
6006
3899
8649
2239
2149
4075
9130
3488
7463
1375
1913
1736
1091
2155
6502
9967
4371
4701
9855
5888
3643
9726
9414
224
3320
9944
8733
2713
7337
3763
4267
6161
9946
3379
3303
1436
1095
9035
7945
177
9046
8285
4826
16
3460
4552
3732
5764
576
8956
2912
4566
9383
1983
8329
2393
2502
5284
5682
9736
9473
4079
9951
4723
1621
7936
3339
2714
8645
4339
5217
4201
5397
8452
8079
3110
811
217
7852
1908
771
3401
6170
1854
6681
2094
7880
3043
737
5218
3807
6388
9437
931
3943
3072
6363
6022
6710
2501
2629
6643
3602
843
947
7535
2844
6770
8838
7888
2775
2421
5979
9869
730
6395
1805
4191
1421
6170
7966
3761
6435
5305
9184
7653
6381
2412
2117
1653
1312
9543
3354
775
3203
2201
7189
1981
5096
3355
2395
3804
1547
9018
3188
5580
164
7118
5106
9115
7466
4406
4225
9426
1112
311
1152
3981
5095
2900
4025
1824
9290
1774
1044
5132
5317
4854
5524
7618
6709
9676
1865
7659
8102
1799
3252
3264
763
7860
7440
8506
1188
7966
4
629
2381
4286
6000
620
5302
6182
8303
1736
579
1210
6809
7267
9018
5321
3954
6429
2271
9379
6744
5397
3224
8913
1348
399
92
2197
6070
4966
8638
7573
1991
3011
3237
4004
3095
8894
8245
3084
4402
5579
3889
6963
7861
5333
3523
1573
596
1400
5799
5641
7317
561
9682
9107
6486
1196
6059
3493
157
5646
163
2440
3728
3590
2620
2681
4029
3013
5091
4148
1623
719
5
9822
7178
6410
2746
5524
4411
8284
1141
5760
9583
7306
7153
4465
5492
2656
4760
1596
9639
6548
1335
5844
3480
1395
5597
2615
2124
4873
3116
4209
6190
6920
6782
3284
9427
8616
1474
725
4115
109
1223
3772
2782
5276
4909
9942
35
7792
5963
2831
8
8240
3714
9375
4390
829
3736
4476
4957
3136
7645
967
2269
5988
4706
1487
5232
7639
9903
9208
1963
6137
445
4429
7838
4775
1675
425
3270
5351
4866
5186
7996
5187
4588
7580
3176
6293
9541
1537
8623
7740
6884
2722
8238
1006
414
5535
2295
4080
5283
8268
4931
8587
132
3127
3198
7597
398
8184
4242
6626
5183
390
6633
8167
4401
6728
6327
6002
5332
4321
1099
9359
4752
7038
7046
28
463
4531
461
6491
6982
2266
3248
8050
8866
4490
992
5540
3245
5844
1596
8898
4293
5750
7739
1091
7925
3606
5045
2191
2121
6607
1513
1573
5617
8729
4946
9230
6756
9740
9306
3399
352
2390
1371
7943
3658
3830
7237
7078
4749
2352
5240
6964
6297
7864
8411
4766
8804
1274
9251
3762
6160
1427
724
4052
492
9530
5695
2524
1925
5797
7628
7307
4840
7941
8006
7248
4724
7444
9030
9417
2334
6952
3906
7409
3784
1378
2582
3493
6021
1839
9947
7546
7598
2466
4379
535
5673
6853
2299
2692
5110
4454
8849
3711
1605
2602
4692
8730
8497
5191
1220
9085
9236
1114
6800
4485
8892
6306
7559
6338
2475
403
7362
2054
2206
7079
7604
9579
1570
9355
2848
6401
246
3974
2579
993
982
2589
1967
8904
9985
8050
8075
6796
4387
5081
5700
4709
9859
9744
789
9391
2187
284
5463
3162
1918
7257
8294
3203
541
444
5166
1956
7499
5561
4608
4880
1965
6314
7084
835
2322
629
5784
9828
2800
6347
1313
8071
8102
1675
8419
9365
321
2682
82
3170
7651
2304
6950
6920
8923
9067
9478
7046
8917
6611
417
452
6792
4424
6691
9795
6705
7756
5296
815
1975
1878
9697
2928
587
4971
8767
7480
6416
1930
6710
4878
2950
2134
3328
1133
2895
7697
4018
334
5818
9789
2177
4333
7116
3945
253
1492
3956
2326
7807
8434
6065
4651
7673
7049
9385
9585
5203
1157
6116
4764
3999
2393
4912
405
351
6381
8074
8642
2823
9659
4112
6381
1713
883
4570
8829
2883
9094
6790
8063
7971
3224
5904
4836
7603
347
7774
9769
6513
5803
1599
5851
3900
1268
2807
8930
1244
8054
2319
9475
5852
3189
6577
2326
7823
245
8006
9097
5233
8478
2727
6923
753
9467
1000
9463
1833
9264
4664
8322
7945
6193
3685
3390
9877
5113
9623
722
5334
8227
2410
2257
9657
6540
122
5290
6553
5459
3472
8985
8565
7896
9349
9141
9306
266
695
2337
8418
1072
9336
7676
551
5278
1149
8080
2996
1235
8136
6277
8842
5402
1793
1066
9094
8077
4221
5388
5962
9210
9680
1531
5835
1793
4973
1858
5636
1757
4580
5798
805
7367
5036
8815
549
8011
9364
1676
2424
1521
2366
8895
1034
5621
5074
2996
3194
6798
9563
7198
193
647
1420
8547
9842
9508
4528
7573
3948
8909
854
528
4545
2413
2768
386
7391
3105
1686
4452
6006
882
302
5081
972
3082
4863
908
6985
3660
706
8002
2301
3755
3778
945
9486
7482
1543
1283
9406
6230
8043
118
3136
8465
157
6374
2535
1236
2152
1030
8784
9600
3368
7886
4879
5217
4984
5957
862
7674
5336
5314
3922
5728
8754
4345
6804
8544
9729
8108
4334
2760
2016
263
9732
2748
3261
2569
8720
6272
4204
4151
1432
2471
7964
1223
2947
873
5829
4069
6140
9164
9012
569
6093
14
544
8948
1488
6112
2579
8510
3523
7735
3396
6558
9423
2573
9327
3682
2762
1169
5319
710
6089
5260
8838
1484
6331
2290
5214
3507
4190
7023
7216
3357
360
182
2335
1850
9572
383
4172
671
2957
5017
4969
874
6536
2000
1714
3056
9394
3993
9498
3282
7192
3626
1453
8061
5886
8936
1339
670
7907
2342
6310
9098
8509
2030
3641
3836
88
1624
9870
4714
2227
3010
528
4757
1747
4092
2557
4305
4606
9431
6199
5858
7672
6250
7272
6202
2400
3800
3232
1596
1525
4649
1264
1116
5948
2513
9989
5580
6373
3240
5032
4592
1830
1293
5323
8742
2771
8226
8762
9431
8733
6337
4153
5082
3097
9099
992
7369
4078
7206
1727
5067
7516
8178
2945
1944
1315
4464
7884
900
3302
5740
4702
539
1813
8404
7263
902
688
6585
1251
2232
2349
1398
1615
4511
7467
3530
1658
4387
4366
4637
5426
4012
6579
7373
8992
6739
5011
1810
2725
3547
7069
6922
3652
816
3817
9084
2764
5235
75
7168
4698
1948
9427
249
2779
5690
5609
6972
9031
1679
8943
5989
4228
7522
8715
537
4970
1983
2677
5252
1826
3006
4245
9596
6516
2695
445
9391
2515
1030
905
6789
661
2439
3011
3191
2185
1013
9269
6823
722
9104
8719
5647
495
4365
6844
6114
1901
6835
1821
6234
7469
3001
8815
6728
2312
903
3284
5785
7210
7633
8331
5011
4395
7741
8612
8839
7786
8657
8836
2027
940
9368
3883
9468
2614
7844
3700
1446
6420
1236
8882
1997
5579
6812
640
5466
2895
1987
2569
3761
9774
1504
7451
2881
4733
7800
332
5065
2885
7663
9786
207
9484
5302
2050
813
7651
1548
9303
5975
2591
6469
8473
1137
6237
5049
3957
1192
3930
7307
5119
7814
1583
2298
1166
6820
3446
1732
8805
2206
91
6743
8044
7382
6849
6390
5936
9033
5348
3172
7351
7433
1817
7983
1673
6420
7031
6576
631
4786
8264
7536
5978
3453
3983
9118
2287
9269
7969
5425
5021
4834
2630
4556
7840
7940
4263
8069
70
4203
4703
3350
3599
5980
1247
4188
6874
8363
1427
4886
7480
5291
9630
5215
6698
6845
7697
7675
2053
727
7534
5849
8628
6875
9187
4330
9373
9630
2996
9504
8266
2066
434
906
5258
5745
6165
958
9254
6626
8763
5649
1372
8486
4535
2586
8934
6913
9981
5952
2379
4141
9199
8202
3346
1573
7048
3450
8380
1398
2339
5718
6245
3278
3080
7266
822
8754
6618
4747
359
8311
8455
8852
9098
9204
6974
532
8481
205
3117
3081
2747
7148
3335
4567
4497
127
4697
7191
3520
5539
7332
1385
4193
3539
8364
8122
3633
8130
3782
9175
5836
6963
5111
9964
6576
6234
8609
8090
4479
1060
8900
9007
7075
9658
8758
6836
2319
6025
4482
6230
9391
2624
8338
9805
8622
1984
2800
391
8952
915
127
4175
1455
4206
1595
3572
9802
52
9340
9586
8098
9681
3873
3327
5114
7063
572
2219
139
5691
84
3180
3431
87
9356
6229
9874
253
2535
8028
9183
5886
7411
3443
2768
3736
1673
6270
5597
4030
8594
1427
7718
4716
745
3292
3815
8119
4003
9342
6532
9970
619
9089
447
5837
4427
2158
5578
9951
8442
9833
6014
8466
9895
2376
8307
3416
1052
8643
6392
7283
4632
7360
4856
5895
5075
2071
3394
6140
4406
5987
3433
8247
9884
98
1836
5379
4414
2626
7006
9016
3919
7260
5493
6405
7043
8446
1030
4315
2869
6249
6507
9612
4708
7891
7150
4705
4042
5247
8963
6141
9837
9876
1619
9236
3635
8745
1144
3098
3671
7693
2243
257
7692
3690
7956
5361
452
2430
5970
1011
6983
5686
1346
9599
8516
8210
7282
3487
8247
2528
5791
4006
8995
2977
3078
4957
3305
954
9918
2219
1116
2525
6754
2346
3405
6052
7459
3565
3623
9436
4171
3502
4928
5241
1536
3101
5946
5223
3271
9624
543
1931
7868
2657
620
3673
6869
2378
9792
1198
6844
3329
5544
6379
6087
9983
1132
7987
787
5826
7069
7515
7849
1466
3303
8359
580
6281
518
6023
3722
7952
7664
7707
8569
7796
1806
6595
973
2496
8954
5628
2175
6360
5627
9846
3896
6726
2465
8199
3093
6642
2877
7865
9004
8142
1806
8737
9387
3570
7378
5008
9987
2577
8953
7883
7332
6306
4734
1281
4848
6490
9715
16
4373
3640
6093
5589
4392
9647
8395
3260
4652
2180
3138
1012
2667
4497
4468
2014
3078
5916
2405
1931
5937
9565
3226
3939
7390
1013
12
636
2823
8950
7839
2117
6629
1750
9381
386
5056
3891
7744
7216
9015
1205
3270
1494
6926
7199
1721
8854
2108
374
7515
9177
8506
9477
1237
8577
7658
9615
6004
8109
9673
3829
636
5721
7676
4169
286
2787
8754
1596
4172
7081
721
7732
3298
5402
3257
3862
6108
6791
4611
6216
5166
9971
9931
1048
2482
3648
4552
2680
6430
1592
8303
5453
1132
4267
2723
364
5571
2704
6131
991
8029
1260
9758
3987
2663
1931
8967
3070
827
1086
2553
1289
2384
2611
8437
8614
4574
9471
6218
8869
4399
5806
1707
958
532
753
8222
9008
1509
9261
7465
3793
3648
4294
5894
4312
8310
2398
791
3921
434
5506
141
6714
92
1257
2591
1678
3225
1442
5958
9051
39
9382
9181
6374
656
4821
952
8403
7564
4892
9419
3834
3095
2926
6926
4707
9923
2850
8362
6506
122
979
8827