1930
8365
8064
5422
2106
1783
3346
9109
580
5264
5172
6010
3494
7284
4622
937
8340
7098
9469
4120
2421
1503
5446
3502
3260
8799
5902
3338
9836
7358
7333
6178
6828
4908
1944
39
3599
2558
8933
7566
7052
1586
6632
1918
7150
2634
1220
9744
4690
7481
8220
3063
7191
6994
6906
248
212
5824
185
4303
2667
7890
7954
3180
8162
9711
6287
5423
1581
1957
6264
7825
4771
225
3083
6729
8469
7312
6369
9478
2983
5329
6501
6692
6610
8623
4989
7766
9829
6836
9616
8228
1309
9809
5830
2635
8286
7077
8763
60
363
7883
6860
5185
1715
3288
8357
113
4777
4325
3458
6387
1743
6082
1495
928
5095
6236
5909
5773
220
3193
1155
7420
5277
3335
9676
1017
7154
463
8608
3950
168
333
1607
6885
5869
905
8389
2780
7873
122
9335
1028
5551
7311
4884
2933
8342
7857
4615
5643
4343
2342
6947
334
995
2084
6457
3651
2010
9057
1698
8414
9388
7834
8383
1122
8281
8309
7668
1049
1562
8644
6461
2025
1288
5217
5275
8087
3912
6917
1277
6276
6123
1362
5511
5562
5252
7033
7192
5990
7583
3994
5841
7300
8038
9534
5817
7690
974
913
7770
1540
9500
7578
8300
7115
2852
7506
2754
351
3833
3893
3662
7179
5695
7914
1110
1640
9880
1934
1423
9407
6205
8751
3677
9897
3741
5077
4983
5436
4865
5528
6883
9845
761
3396
5873
9102
5143
669
8256
9226
6066
3033
9723
3864
2200
8550
3209
1799
9434
2335
1986
1507
8116
724
4696
6810
2954
4295
6859
6207
433
6208
6022
3432
6036
82
1975
730
1097
2302
8026
2519
449
8880
1825
2453
6533
320
3763
4310
7753
316
8103
7623
4928
9743
6792
4356
48
4135
1302
2956
7589
4132
5525
3526
2779
7691
2144
1792
1132
2329
256
4723
3124
2358
2811
5400
6744
237
200
8947
6170
8441
5128
2190
8436
863
2274
1353
467
4419
683
7185
4902
2075
7646
6746
9437
9660
6403
8566
3619
3212
208
988
815
6438
3784
1797
7832
7490
7557
1929
7156
9833
2429
57
1133
5367
5875
1333
1026
5625
885
4363
2088
1739
8648
2804
6694
3713
7543
9209
6631
9914
376
5586
5011
8328
3968
2839
6521
6345
6063
4551
2814
8874
2149
6025
3075
8343
821
1672
6609
6061
6636
598
5205
7036
8125
1995
7458
3233
2113
5848
5981
9338
596
6748
8804
5308
9923
1455
6858
7556
6624
1822
29
9910
3676
2158
4000
2240
5192
358
5333
3647
5951
2683
1895
5219
1046
8308
1052
4915
3656
9788
3088
1848
6602
7593
4274
2949
5269
8271
5579
9980
2756
8458
9865
6375
9391
8208
8628
9251
473
9893
1018
2524
9884
7761
6960
1206
5786
4128
9796
8546
8000
1150
7532
3789
3042
4440
27
6265
2428
5905
6725
3460
384
290
2066
2454
8722
7219
3567
6153
9810
3717
4224
9712
9818
8656
7001
1120
5412
2506
900
2309
7939
7795
5957
3564
3585
7293
6089
1272
3304
4292
5372
4406
9481
6783
6139
8494
7843
1449
3885
3008
103
5645
3262
8181
250
1128
1336
4822
8843
7399
6887
6686
3198
5672
788
2581
4138
5347
9125
5207
1748
4243
7141
6111
4939
7701
8142
9550
5388
6398
6173
2937
8766
8668
1612
1812
431
8788
9573
8442
38
1636
5916
1860
9101
4367
2670
4362
5628
3739
2475
7888
3528
3771
201
50
9599
5832
7512
7452
458
4965
7388
5624
1349
548
1941
7632
5233
195
1194
8837
3648
7405
6710
921
3174
4166
1
8811
9655
2928
3600
9752
7639
9506
8406
7180
9526
3596
8101
5145
2087
639
4515
2866
7745
6485
9947
5201
2355
8377
497
6615
3632
9909
6580
1829
5070
7533
8907
6238
3812
6549
8356
9769
6695
2134
1130
2127
2465
4724
6838
1227
2419
888
4808
7392
713
6539
454
6396
5393
6185
8018
6283
5048
8119
6793
9530
1443
6249
7385
6319
5898
111
2163
2877
5235
8912
3911
7378
2516
2013
4806
1225
602
9844
1378
1651
2689
9691
2278
4722
341
2300
5821
4876
3274
9555
6553
9583
8363
3879
5065
4300
8818
9645
9726
9972
4962
6937
2948
7975
5638
4954
7236
105
439
5299
9400
3382
169
7175
2766
5255
2156
6770
8230
2076
1175
1705
8567
1505
8988
4999
5259
2241
6156
6094
8667
5262
1780
180
8390
4496
6389
1968
2186
6252
6098
7134
6713
6910
3760
9542
1198
4780
5812
1863
308
3167
1687
2176
9808
5564
4449
4289
5733
5903
7063
9031
76
648
3079
2078
3140
3473
9133
4145
4525
5587
7671
932
9052
2911
4240
3466
705
7304
461
6416
2225
3090
3340
2318
5449
2283
155
2008
2059
2193
9904
5133
419
5469
3282
6362
3024
4785
4966
501
5019
586
3210
3793
2115
6983
9289
1417
1067
3621
3954
7427
529
6363
2795
9425
8865
4819
8336
6417
9986
8291
2623
6029
9214
1274
5468
3194
1001
5908
8242
4156
4840
223
8122
1348
1430
4713
297
963
7791
9544
7750
8174
9551
4155
1789
764
4226
3270
8939
5944
6577
4893
9704
950
369
7474
1295
4532
7101
5857
7280
4285
1050
9765
9619
6049
2580
8418
4932
3937
4578
6204
3463
572
7267
6165
8948
8152
28
3037
9300
2208
6923
911
2064
9311
4559
998
4099
5973
814
8067
9703
126
7921
3539
5055
3485
5711
7005
6367
912
5210
9902
816
5815
6245
5680
1373
1977
1875
8117
1108
2120
7976
7784
6743
5119
9309
1595
6445
957
1971
3435
5150
6733
4365
5336
1488
5819
7384
6405
3313
6822
3412
5931
4412
3849
3749
417
5697
3938
6314
1453
4357
2083
9001
6015
8630
3979
2934
2835
5409
8069
5472
9777
4934
4402
4922
4433
3601
4687
5789
2538
3565
2627
4118
777
8680
5840
5530
2876
5794
5878
5618
4188
7970
129
4736
385
8081
9399
7145
5800
8672
5279
15
6998
4222
3862
4768
6084
1425
1093
286
3238
9903
1754
7689
4656
5030
5406