50051
72035
64179
54966
17494
79350
50949
24620
84267
73724
72650
84795
55964
61498
75592
95592
59209
27192
25401
75167
44381
55933
68419
17055
88594
7655
90664
83325
7562
15259
32598
71671
5967
91910
85632
37047
93214
70759
39527
61857
10265
33584
97996
98806
81481
47276
34225
89134
4121
28478
75601
73381
72148
97869
90385
526
90382
89256
30914
30378
1202
86201
12487
41021
59280
20392
54858
38312
16965
44731
86540
71023
6010
20782
91556
29482
4565
60456
8416
76229
44674
66255
79527
54719
52683
98244
840
13930
32990
89827
82492
65247
21655
64336
85184
54614
68425
96968
74615
60780
44975
70766
34319
33903
71685
60066
48666
96289
95285
28555
56367
28968
13251
64537
91396
93296
25618
79282
10580
23457
60246
46256
66007
47037
72801
72778
11471
17173
95929
60520
64978
12387
89478
73147
95145
56660
85316
77900
61638
30864
98038
86499
81422
47331
80260
40370
84561
53993
53856
66752
37115
20082
18381
95805
31229
94830
92276
66815
44102
67846
93492
71277
59479
99748
45783
71738
19381
17886
66819
86643
78318
72546
98315
95966
7756
89100
83460
14148
84068
59831
36164
31633
40102
59281
15725
92538
24132
26525
76445
75657
19311
28860
27209
38163
30154
13210
51480
25100
46588
47452
70180
92206
36935
87514
70048
7090
33103
95736
81987
54182
90154
17662
44965
59470
5503
23940
62300
32819
81958
35247
53928
98462
63068
75702
18711
44841
71535
18732
25081
64861
79051
59846
65139
1422
33555
5294
71623
49242
16901
91337
47522
5995
46828
72721
17228
50303
44579
20452
23879
64576
53350
4751
37276
13872
30436
57414
89849
29149
41340
14320
14942
96290
70640
79161
44760
16618
11873
95544
41820
85313
84058
54105
37952
17383
95510
46613
84552
23357
10900
25859
72675
51833
54781
65422
80981
84262
54077
78005
66479
16612
98863
11879
61705
38012
41502
46640
34921
73485
37517
93753
47583
72060
69521
44933
67742
76847
65742
5129
64095
63266
95810
65565
50136
75979
10791
38844
21931
41813
4714
48582
36998
56853
65916
6792
13519
59707
34394
76163
88067
40816
44168
86999
37875
27283
99686
41093
90575
47167
8392
12737
74453
52536
37063
78231
93928
82676
14154
99758
99066
79000
49246
68367
75940
73155
43422
39138
54662
15781
7573
45627
1128
65201
3736
35340
91728
9587
50898
25483
88375
80557
94293
26482
20724
89050
38841
18878
43997
15796
54045
27662
21716
35725
93719
23256
34661
63350
76671
57027
15955
18253
58232
78399
77665
56086
48708
75246
80961
65053
44892
15801
51682
26346
6782
95920
95020
74437
64037
97193
21124
98855
37584
60660
19342
80370
35144
63467
18147
54461
32405
15948
5973
39215
82117
21448
71595
81926
55686
85689
94822
81430
37414
21766
51857
7204
87576
21875
67111
61273
1866
93207
22419
76400
630
27901
60920
25200
15432
96430
78756
95140
44257
1332
96453
39813
33188
62305
99413
48183
57260
17479
62755
23140
72648
87024
4592
27706
21480
55937
55000
29156
64716
18198
15144
29752
38358
5895
13181
21356
2836
8771
97297
33319
78239
7632
8758
91778
4302
53311
91051
30027
67800
36684
79720
42876
42084
16167
43469
86970
28431
96652
40878
9575
26866
72946
49805
23603
31202
23110
35844
90887
15266
49115
69703
83215
95948
50616
96577
57386
29061
88744
60349
81431
95852
92486
71769
60290
30086
49085
49816
34132
17104
26003
40684
94581
88693
56698
54142
13708
5891
314
2500
15822
99798
91368
67418
3816
51194
53264
49519
98966
54948
8854
53203
13914
23756
12412
58645
81324
60703
17815
84256
62980
22218
90134
8662
72337
94068
83539
65432
10772
74322
81163
14299
59881
62621
43569
52604
5589
30967
75793
6863
59082
30615
90225
35819
49613
58181
95006
45713
13118
28553
57597
16225
27091
72393
34890
34974
81791
64832
40136
95175
34806
43020
12955
10147
82658
38290
16722
97044
56625
69282
72192
40116
92436
14321
34754
96687
34817
29690
23022
62640
31636
15422
68204
62515
25767
40628
6885
49294
71163
95795
22709
6943
11641
85463
32352
33232
4684
44793
98574
5567
98870
22251
72065
63295
47587
84330
11363
80825
28828
81646
41120
2388
4799
6410
42532
39050
63049
36722
86734
87475
33287
24883
54729
78493
87878
74065
86515
9506
22195
17517
85492
62687
24914
9753
79287
23803
55283
81314
44043
91986
63063
88723
79432
90163
94071
26388
77707
90857
37774
76621
61267
13380
81676
70437
54364
86008
48619
71898
38700
49820
52313
13790
39523
11688
10534
48307
16891
81655
38749
70751
30307
99287
29564
93759
2291
21173
44245
41028
84072
58982
93598
91250
82063
10816
88652
60385
2124
19066
87499
29925
26806
51664
6389
41537
25731
27622
94049
53851
3182
70099
10672
61943
89951
6254
21675
65457
24000
57571
9223
72054
77140
54979
90198
15663
43749
10097
51064
33746
28723
90952
84047
96005
99150
64767
90918
31838
24632
83387
3484
92006
42027
80302
11099
92726
79549
65711
70004
39020
44228
88086
58397
35692
7410
42259
67089
73205
39049
32763
53204
2134
10626
15585
14720
52601
72239
14232
94024
38016
9683
93016
79040
36181
79942
51078
82426
43895
48189
15041
54799
26715
20335
14012
86151
11335
73930
31434
57314
25846
63195
25552
97616
59896
40718
33342
73117
1028
36705
22904
50612
54839
21918
93324
96372
11051
61582
3735
95346
45250
66728
78490
91373
39332
70006
22725
84479
80453
73900
62957
26707
9851
85820
35724
1882
93240
56043
83701
83555
21192
2986
77853
57905
41963
61313
90955
2277
41474
83379
2657
69085
62419
50382
98225
52455
68303
32973
29224
28063
47637
99648
22184
16809
28278
8489
61291
7012
73835
72147
79683
78059
15947
95866
14249
71266
95445
66135
6773
13501
32187
7702
11506
21039
11384
9018
21946
83080
5878
3102
9341
46840
95204
37998
28520
27619
54852
31340
25759
89231
59841
15562
50400
4357
5961
54610
6833
28042
11609
6537
38018
88632
45602
79014
76828
57477
87598
46631
7859
60285
78931
37550
79203
19880
40513
19722
74261
9419
29456
2162
51862
19049
96359
67288
79184
33548
75196
80585
73762
84097
14702
89597
7388
26368
58565
63612
10538
43557
23839
52858
71618
49388
75365
88802
95274
12992
34675
22417
54247
98354
76746
50532
7813
35473
92866
13779
645
81085
31175
25718
68263
30692
37383
74179
97053
38874
20684
65858
8625
75069
41910
89281
8180
18947
57117
89172
33043
34881
7016
33792
15337
26323
54240
85665
91610
27729
95631
51368
38652
70347
6848
20525
25672
26426
887
48618
5393
59496
65185
82144
9417
38628
64080
61804
80491
60637
53635
75347
75562
18707
79970
36509
277
41313
39195
74681
9129
23344
25814
30388
13383
44763
27340
4040
4080
36155
3350
10443
37440
7373
67392
15487
17838
40457
15283
118
57444
99382
89483
41162
8157
84867
15339
28779
5896
53983
63035
7792
89135
6772
88678
75427
73047
36256
27548
942
50770
10570
39970
49668
48873
11033
53089
90877
7181
85471
67968
33184
15392
10093
26940
58954
92529
87206
3353
16228
79969
43247
93988
39549
6563
34055
33599
33771
51596
70856
50240
22815
1447
10399
7316
92934
57608
21317
1893
34844
26114
99946
82732
61402
58264
99139
94649
94325
24087
89931
98121
87229
59682
56213
13237
57024
32847
9188
78764
26009
77023
38289
52939
74825
91085
81208
92085
51520
34160
31930
62514
68739
16403
82102
77120
28563
28721
97153
98348
22919
63738
74671
87714
39109
9415
3338
18289
32623
19023
83169
88174
81074
18000
91798
27109
4775
10468
43286
85516
84702
39757
59330
66602
54878
61829
16860
41749
73298
97747
19466
16281
11588
33950
87869
23283
12848
38028
53069
56119
91114
49134
51526
79831
33150
43991
41117
17243
62402
32475
48623
39572
4069
42792
57721
69627
10267
34895
40690
36983
5574
46983
65
15482
41247
43279
54268
70537
75304
11038
6287
61652
17723
97310
5552
72362
62540
31252
62911
34438
45463
95523
39536
2713
49498
23176
33899
33698
9758
19851
14227
66014
49767
38194
62801
70701
7350
37552
65002
13077
24322
2775
26451
48908
30873
98260
81185
50192
86319
64574
91422
62913
93500
37286
63338
54015
36193
17951
53738
22855
31866
62997
26089
95975
41777
7363
60432
39516
81198
32476
70075
45759
79412
28922
57750
57361
35147
83552
9456
14588
40239
41356
30940
20689
21534
37458
44289
88356
90057
59940
77827
50043
77403
51114
57352
68554
26931
81973
33442
5608
19103
44465
92122
59923
32158
643
72901
72752
74223
6750
79369
37079
10780
17145
99899
54039
9454
41631
90083
3445
85223
26361
86414
5149
61990
80777
76235
44835
22306
65755
70120
28977
85310
294
93633
91064
25985
79360
97087
68412
30767
87145
94840
89503
24999
91977
13201
42914
94273
24653
90374
45619
33433
90213
74162
42272
58765
86400
70001
46548
11863
8484
46651
29767
99151
87183
98365
43586
22447
93947
59117
6822
17345
86699
89954
12181
58879
92693
3751
90277
92257
63459
53769
47239
35889
9066
76875
86481
73583
60073
64169
93094
26957
70840
3349
93461
37232
29578
94712
96086
5445
31660
77981
91678
13281
22400
32942
16595
55838
43174
56700
16704
32360
74749
66576
42935
58105
14916
2197
57990
11712
18968
59805
38143
60548
66566
47471
79421
58287
44480
57609
64026
68920
805
72432
70133
20862
88049
90039
95710
98667
79386
17118
62362
10019
4024
63321
86575
53048
53222
16927
3037
91748
77184
81473
2678
71436
71967
12589
11762
88143
44928
45293
16262
81508
76775
85396
85465
33905
55363
89766
10435
19789
39204
75832
68718
44660
4173
8359
81145
29028
76809
26617
35512
2486
34358
42673
58022
99754
31917
31099
88073
38789
20930
45661
13164
41210
55111
94124
60605
63668
58918
2831
99590
87067
13882
44567
475
45710
34279
42814
93057
72294
38592
70164
15462
27838
28681
32671
88048
86587
59095
50008
52440
72296
47227
69128
39095
46599
43643
50725
65738
66495
9189
20466
94101
39749
52686
48079
50364
16772
79401
34186
96570
97315
56554
24612
3922
31020
41207
14091
92404
38557
56100
76113
54810
99557
16021
99309
73497
25447
80919
19136
11871
77173
57797
81604
11467
78817
68693
10673
14952
1295
18992
18236
27830
12671
30685
35039
31782
69001
70549
40907
48641
63981
89088
1891
1302
8121
26490
29545
33157
59898
28557
46205
87215
20319
93001
90987
29988
95317
12338
40945
80298
76537
62619
75649
40737
38548
46989
40770
78386
57111
86389
18544
77236
61092
34214
64003
5614
93288
97411
40615
90041
54029
4583
41543
485
15484
38242
37647
52862
18840
16773
16376
51180
56386
38736
35701
61640
88055
68645
39849
22470
37080
80304
96563
55903
12546
85182
74858
17014
99587
19397
75970
93328
30195
8078
39176
19814
65528
23465
76487
80072
75774
52039
67611
50367
69233
37543
11251
47083
34636
72164
77681
96165
12876
79660
464
63795
85435
93124
10651
45681
20465
75482
25074
28215
90511
42596
88659
29873
16782
78718
27617
77026
55012
9183
94139
16086
54117
81464
73315
4139
85439
61333
17161
77131
47475
68762
27517
67420
84375
35544
2813
38508
29987
71581
91080
10941
88864
25894
68559
99023
67205
61204
74387
85824
65745
76171
34044
92740
35824
13714
29926
79271
82606
51690
34721
28851
6542
24014
89628
57771
87651
69716
29557
22252
72599
77458
15543
67736
38005
43851
22112
45398
83102
6288
18896
44874
108
32921
3303
46786
46472
85897
34145
58662
20223
56190
94695
82998
61287
82660
84678
8757
71385
37790
19855
94077
4200
29579
19346
90903
26169
84470
73388
72478
3442
55446
64470
67189
93174
94529
28119
20333
33784
73784
61171
81392
11776
60338
12022
35378
21378
32772
76721
29475
47337
31477
61432
80030
86410
86961
25561
23671
98012
48979
2695
20617
67373
35250
6948
53957
73636
90711
44794
33828
82354
45821
98786
98946
45105
75079
96357
40145
58216
57276
3418
73272
75759
93629
11052
77762
8629
76515
82378
55389
69549
1111
12086
76623
50549
87761
50581
56943
57194
1008
11430
83042
66054
68986
18461
84183
4055
33776
20113
62003
76908
48449
69581
69870
10398
54617
79504
79600
47613
30781
11756
34220
72891
58574
25947
36696
75567
96059
43990
11155
59930
85035
75207
31692
10822
99081
79256
77422
66301
61996
82796
62079
97042
74395
42149
80027
80589
66174
49332
62506
21375
67805
23094
53999
78779
28325
99868
82858
88684
80411
65595
63330
15255
22017
62215
82131
98077
2794
23532
7272
605
18023
38467
55915
51593
11484
70714
49717
53849
44673
37586
89235
57773
65220
52503
5247
53368
37308
63104
41110
1972
76132
25630
31338
622
62250
63319
83113
77386
55307
98105
33586
33435
40082
55508
35707
84407
45007
29155
21032
28420
40304
81746
9622
14177
33418
88785
10566
94880
12118
7031
30715
31476
22583
42754
70100
89338
22185
26311
95100
13727
20331
48586
43653
97275
58007
33469
6134
68433
81321
10844
67345
67591
60684
48786
33058
55673
10073
26967
62507
40257
50029
20577
30160
51899
69100
67039
78244
15996
48649
97668
90833
53425
76008
28033
22891
69170
23108
76718
81368
30561
64990
44868
16417
97115
15470
26043
26969
83005
17647
52855
58058
50440
77392
91050
98083
43262
52275
42355
45922
50857
68540
84170
41143
33836
52836
49050
41997
27676
38542
80962
26725
41992
24195
71025
64781
8674
31435
43244
79273
38950
33972
67062
7141
26459
47302
278
92300
57595
68502
55536
73957
46348
45868
20706
57119
29363
19754
61781
26027
33394
41005
35417
42244
88818
67770
43853
35114
75431
18122
91341
63718
62716
7928
51927
41218
63837
93788
59194
41118
25778
63369
63987
4623
11781
64604
56274
50056
22050
34203
9212
3943
17872
94970
94946
81499
70580
63623
71236
25825
80176
69263
11193
18071
82688
8002
19639
94985
30768
59679
85519
8880
68966
68520
58362
69693
59367
66245
76577
80307
94659
57083
71765
18436
37177
95583
9564
60132
64761
84891
99950
30889
93762
84688
37046
85437
55664
93596
37088
5186
54818
97880
88962
82258
94837
98754
34488
12670
96647
26452
89454
36597
75876
71323
69463
76636
23048
22127
43668
3967
4029
44302
63921
98628
44038
18154
37051
44149
82080
22114
11297
94920
75775
46739
70541
33531
78037
24175
11164
66361
11
6035
30220
21981
54363
7970
35137
3544
63732
73766
99880
89124
64137
99944
87904
69337
1089
55953
141
40076
62197
27536
27819
20488
88803
30302
69343
69940
42850
42058
92419
62082
77395
13056
94288
24137
30726
72523
70429
58525
17000
99849
6828
1622
27900
7277
22133
21771
41379
42092
25933
78550
81749
37698
92258
67985
81169
48723
92638
65125
91462
84112
29553
91717
54578
54320
68472
79748
20869
21250
34653
7847
80241
88694
49073
40253
60822
40862
57711
58173
84704
43061
95960
49199
22644
71111
35643
81437
35847
92790
38479
89163
8590
36259
16475
56168
39559
48121
73958
81137
2174
8503
24786
8081
66219
519
58932
6162
95554
65906
12224
59406
96158
97534
41587
21371
21666
53618
52982
76905
45765
86278
42113
46227
35154
51988
74247
39351
22647
66415
79132
6005
34989
84186
76386
23356
19921
45288
22411
52321
75578
88972
16814
7369
84347
45651
78621
50024
4333
67990
43235
88403
93761
43003
50214
53968
59723
5605
95193
73947
97142
49799
69773
57399
94647
35205
26387
79638
69053
7274
17280
4508
7017
48676
90689
92816
23241
87435
23247
35987
29781
91647
32511
90396
67970
94762
90715
9148
25075
18860
1894
27815
34057
30212
75879
33266
91760
45313
45892
29939
79719
56051
62244
42010
37986
58338
1744
69335
92428
58083
8840
54048
92067
55478
70476
14677
31034
1125
83397
75904
42567
99106
99196
95000
8430
7258
98824
99913
87727
87014
75951
52672
10959
36043
4599
29731
73462
78920
37843
76980
4150
58282
82807
76806
10817
76921
39434
8665
10567
28533
60205
80969
15618
64320
51732
21027
92502
94164
6359
94855
63028
31712
47596
26032
79121
16287
51932
76899
62158
38137
49991
29921
79318
17564
31532
56446
86154
25308
37145
31870
19158
28807
18624
41204
4939
77471
12344
58115
77072
8755
52850
85835
61240
21428
37649
93342
70201
79673
22454
99958
35574
62373
17133
42842
28964
32310
509
99121
31326
25138
36850
86584
28254
95636
83487
88739
83664
69639
47681
56047
40871
27204
22558
4754
5940
43444
30109
27353
34047
48813
84464
65423
69744
47811
69418
22555
48349
84960
37390
93082
32910
445
44946
90876
87286
74584
77233
99319
5755
53816
557
37972
1373
24690
32327
40589
59201
54488
49276
6522
23587
43350
22060
23100
52579
2217
55318
68982
77425
59150
43929
37841
66018
1933
24794
86896
66763
10564
74585
46784
71275
27194
2744
33431
88122
74893
69155
18406
4326
41123
56764
58417
12473
94644
19530
18880
60902
85635
58379
33798
23341
22671
48785
91345
77743
73360
2049
71863
65621
4267
45680
90745
34095
21996
44104
26090
18814
29594
83252
12826
78288
32727
11258
44418
70867
24659
98924
95048
65620
74864
2810
59954
46909
36987
51516
83513
65751
51134
51592
86866
89423
24740
94676
30256
37980
37257
21826
51489
16060
48965
39015
83971
94280
18521
42198
62280
34897
2894
16758
15512
42644
44978
43886
57686
23509
9227
15555
47796
17783
56822
38112
47458
16575
30700
52816
2550
39815
45738
10760
44037
13508
10333
36795
98494
18453
15160
18967
79006
46566
97329
96741
78567
59372
80434
23064
8896
11151
11735
82256
54341
91279
62747
8243
60169
26218
78635
15169
16862
7345
65315
62147
85963
16674
99067
61917
81090
24553
45404
15747
20875
16587
74409
66656
520
16383
82146
46718
8179
68165
47240
99484
39593
9304
30773
41704
71704
99419
42634
73826
72668
79976
18768
39898
99044
31996
29577
85630
5334
62885
48446
62853
96136
56453
132
18832
19873
23995
74952
13159
38324
91317
89573
63023
14106
34204
33151
79603
70872
7895
46376
87945
71802
80592
93004
94583
54402
63839
82795
78320
49231
72462
33288
6166
19212
15517
32354
60086
52029
48769
56809
23535
74298
19881
43217
10989
21472
14253
69508
67540
88718
7778
94681
1570
34697
20516
43883
5782
56916
97669
35653
54149
22348
62707
55708
22407
92175
87100
14057
91844
62342
72578
18309
50004
8235
12857
68646
17681
84415
94723
4143
72990
89841
84641
46562
45389
41211
95776
94324
97553
25581
67286
87746
36950
28496
65905
23304
31388
59833
66462
3861
19433
32700
72800
32379
97198
15071
81236
34306
8410
82138
62287
42658
33265
63081
47586
61672
43999
53689
92170
24868
9566
88561
7370
71609
41327
99621
92691
16483
22730
73035
62812
97595
16598
77882
36223
47436
85848
13342
98403
34348
66512
96212
92163
86479
71715
97477
90009
20472
63759
88052
28598
61015
67135
79827
46768
59891
62222
77788
81084
20501
51936
41355
31818
72158
24564
63683
11124
65073
59808
8974
38304
67046
7241
8964
15859
43798
28675
19847
12301
81000
14598
10876
80681
68848
38757
41916
13111
73509
64987
3776
6148
34883
98884
67355
76268
21604
79856
22313
77047
72376
85730
31885
76433
52269
41590
46905
15910
26998
3298
76413
34106
53545
74656
1444
42360
95447
65289
35392
66967
55286
81175
95743
70209
68619
79675
44447
50799
41069
80950
3951
47793
48867
57285
54572
75183
84740
53118
88547
96851
20340
11489
30488
77086
48857
70425
31062
70231
14782
39885
45437
45340
98979
27037
45556
5733
16110
56162
77063
78395
4376
99741
8727
3527
3236
49133
98482
23096
87937
87395
74841
32149
77677
38583
9697
34539
52244
78484
76262
514
38315
63764
19571
63115
82867
40474
50291
94490
28672
92948
49345
7510
99722
1724
512
89149
79445
40376
67231
33528
41815
77104
22637
10606
10882
19326
80494
82404
22508
75735
70255
19998
64491
32998
59638
79587
4631
3753
92736
4309
33880
36249
39790
97464
15733
44822
6195
71318
31174
75270
79898
9612
49545
23561
41310
37587
14868
12388
69620
49802
57
2502
30180
43089
25831
23023
90594
49804
77871
46429
65845
9586
10643
59004
88297
31908
36728
76208
20796
74844
52411
6579
4536
40757
4214
99710
45206
34275
74540
63302
64317
64
19462
85261
87925
58941
19128
32686
65735
19368
78027
65144
21066
47618
63226
98321
20284
13070
11385
89923
43284
33480
85329
80835
54604
4303
3195
19657
71610
357
76698
87873
57665
86137
96794
28795
1092
49457
72287
54147
49160
70184
9643
5113
54947
29063
63774
69594
6739
32357
2803
10106
96152
45405
36906
24769
38964
10100
10039
96540
93107
89558
18069
14777
78153
87427
19934
84747
9449
69657
54764
62024
46015
83810
6286
14862
96970
59571
54108
61786
304
40366
41915
22874
16130
64837
16092
88424
11734
93713
94571
76881
18038
60655
24251
7273
13448
7193
35193
35994
50420
79404
35660
94955
43445
52803
89940
73357
55702
21894
30684
39767
99941
39275
92814
90729
79354
22930
44771
98544
94403
64744
3623
19068
34637
86867
74696
80860
12002
36281
23944
34324
2301
63701
35832
33174
41145
26896
91580
81897
6655
16085
7407
4966
20630
37140
6083
89770
70063
57955
4352
6764
63824
53649
19277
68764
12903
28482
32421
75623
30876
9479
55333
59025
58482
8679
93625
11403
25633
4683
84010
52476
72221
90016
99919
46077
96616
7137
69239
47057
21682
48363
87983
98847
42
81293
60386
38473
62229
46915
13239
80521
81482
43199
27466
23734
57668
65897
40267
63533
7530
2679
82593
62052
23311
3188
76990
28615
93690
91427
86936
11221
71263
63268
63502
78799
5519
12325
91524
84796
36575
7613
6929
91285
22619
26319
83949
75256
14759
65945
12665
79356
20239
91442
97763
14477
10274
21885
97556
56315
45505
19781
26635
69224
22878
87940
22432
60225
65533
68191
75110
60937
90431
77324
34185
12479
19858
81406
75972
6623
47071
13440
21897
70652
5496
95666
91567
70434
4114
44757
10625
51749
20614
85939
8915
21997
62213
84081
5191
92127
49970
41301
29723
94255
66433
49609
98506
30754
92549
45534
38059
25611
97750
27206
58617
82094
47841
59710
8822
74295
39229
95210
84877
73439
48845
82052
2633
76561
57141
79106
77557
28061
89167
905
53128
8255
12838
67326
24294
14982
79605
4566
64432
42066
55497
67268
7199
75350
43151
84570
87501
39662
78487
95993
50933
27656
15828
81944
93749
14032
39272
71070
46178
48332
864
4695
72274
24654
21646
12286
29601
57329
72043
79680
38420
30422
14218
14064
22996
2290
89233
29157
70871
45669
26327
53786
16367
10612
29596
72614
53434
85067
33757
96625
62641
88553
22305
73535
78139
3003
20432
17248
3339
60436
84790
32027
63766
73160
50645
56613
94404
85770
35709
10694
374
80476
33674
79250
1864
86670
17907
55477
7812
91877
11383
17953
98214
12435
74461
95095
77159
63704
9798
99829
40575
31409
16315
36650
18699
67013
75106
48560
85009
44685
28321
52131
90471
99771
60220
81320
79885
31960
43232
63373
99210
19257
69697
65628
15816
83516
75154
14070
33005
59960
90797
9608
98713
63567
38230
97021
27924
61458
27343
60016
76335
59855
12867
36188
89749
88088
44196
95600
33818
1317
22633
89990
28302
58130
18267
55413
15386
40243
88568
72083
17947
44261
46456
4022
83124
17426
19012
54694
88873
71285
89219
42065
82344
58764
13043
34765
23824
23986
75500
41605
456
2153
34801
81692
37391
48395
64640
85883
23540
6249
40161
80975
65846
63406
47705
59561
6261
38414
44371
27731
31199
90790
69625
89061
42314
94238
27377
19264
1024
40480
57861
84223
5057
50797
93876
79920
30829
96764
26852
62041
7537
43392
15276
15871
32742
60481
16687
15485
48573
10482
76352
15175
6215
49215
90784
19681
63736
67826
2682
96582
33706
17350
58516
29533
82182
21033
28350
31074
43037
7148
14623
16307
95218
81772
26660
13156
4912
36430
69847
82605
9389
60843
31537
10135
19599
24588
90593
99098
51239
20532
95146
36427
13965
37733
57105
21845
7994
70973
57628
65719
10718
40603
96731
31121
74148
46454
68891
12212
68877
7285
79834
41140
94108
7098
91180
10197
86677
83989
58930
8225
34369
64180
5550
83435
38570
20297
46894
17189
38025
29789
86609
21123
11145
41649
97386
14748
69569
58086
93909
11591
48313
95856
56046
74416
2638
43893
5104
76106
29341
53898
74798
8601
58675
74729
17706
37498
81810
66045
96558
13470
33735
31166
60248
83199
17682
33744
17742
76913
36277
43161
46305
84463
50434
17674
3995
32503
85525
88680
72465
87084
72768
83683
80698
63224
20829
69933
85964
75501
56159
77632
28167
53293
78957
65473
40545
67841
16907
1380
37028
14808
81569
8085
89343
99602
38584
11333
55733
92833
86338
52361
30019
3508
8493
7395
80096
91643
64235
64712
55783
18090
22703
79893
72938
96758
68245
55439
54190
76248
51765
3582
79811
39997
16997
26824
58361
59262
64596
7612
46427
73950
72653
32642
80348
91348
55598
88885
62374
73370
72031
19054
27419
23332
10997
41328
27473
17484
85521
15882
26631
92313
66105
86758
87406
8092
90948
30013
52510
4756
5201
84008
9571
57961
89245
28188
51796
46375
68916
58272
38161
66152
66914
48716
48197
17306
92114
9925
73174
43530
41341
7849
84904
87921
57884
5046
97206
49299
34280
98128
74388
35184
86636
23938
9196
95155
74037
33274
34879
53574
92537
6496
46838
60326
6129
90571
43549
1620
92716
58019
24423
26485
72214
30576
78086
80666
4441
60046
4581
58927
44904
44737
89033
50477
56404
3734
62660
88792
74769
79366
38846
89106
51764
1948
17138
27269
28929
71881
13036
79715
26106
63578
81080
97083
52452
32351
91869
84741
78850
38990
35328
61553
46163
80088
13532
73809
88336
87200
93688
925
25706
92199
73986
76392
38760
79921
15681
34402
93930
16652
27785
40887
14843
10393
17406
15788
63251
24661
71832
73450
4952
30121
29771
88340
5902
77676
98328
46063
24845
48054
54889
99762
78342
981
42013
99412
73540
15469
84358
64289
57021
6157
3404
78117
96109
3712
21677
75947
16448
29689
97838
10248
63316
92769
42456
50059
29351
91635
7079
50269
14996
91858
18363
82324
37043
81373
31057
98473
33056
55821
67431
99120
97544
35816
47961
90674
20771
83944
59861
97528
40587
16937
26675
29632
78384
6994
86227
80085
3768
19898
68517
16551
85084
52330
79910
69802
8214
28366
42054
41824
71559
30669
8388
98119
17518
50887
69242
62802
49920
75857
23801
84619
24076
98756
6726
56760
21912
39864
16308
78012
82845
40450
51117
29332
64502
68465
50553
64734
55277
82016
70274
36521
44303
73830
82564
11876
84231
54303
42240
75182
57408
86707
24751
22997
48859
34699
27016
20281
71308
60424
37880
63850
88750
37491
29537
23568
45480
53080
8759
32486
90954
64195
69413
20381
6145
32975
32913
51820
95647
23592
87384
92397
78335
38960
6914
62047
57847
30207
48067
11227
61034
83392
42763
85165
16011
72120
72840
3666
18961
11864
23868
85677
65329
26084
47082
46925
12574
80409
18460
11927
21070
34457
61964
9635
41331
19720
59270
77356
80412
46457
13673
27842
30852
88054
21332
96455
55858
3078
64062
43556
69850
31984
28863
8516
1173
98852
41402
76310
50471
6433
76277
37188
9483
23786
83111
33518
32062
78388
76946
24049
89876
95567
9145
28805
17411
28677
72339
83939
41111
13831
45813
2533
91280
69526
15249
69022
74353
38738
73382
18177
92398
64064
68259
41225
72813
87985
94484
43034
40821
12883
3373
3183
16691
10280
59093
77745
4451
92176
25475
89946
50463
3909
87701
94720
25073
92765
79151
57026
38670
19180
55166
79562
48326
98836
97645
7953
12046
83276
34254
41957
1757
47370
51817
45042
60015
15137
8219
58172
21632
1497
50406
34372
32955
11612
99381
42044
57168
86077
73665
53000
6452
6846
54276
35690
35370
97460
76705
2546
62867
42741
36567
68183
28127
90236
6277
5601
73168
9642
2919
78405
50030
10183
87064
96249
60320
31044
72955
50709
88079
27941
1427
1203
93610
42388
66528
31064
14142
90793
85338
64340
65754
92458
33417
16715
48488
46853
37907
37505
96734
74390
69678
62141
86455
78526
85898
23720
72714
60277
35307
27025
64299
93822
4624
96435
28030
89383
90322
30214
34924
7504
64423
58558
83314
22292
38667
25011
51997
91359
94144
71339
73713
16657
82675
20065
21960
72526
28996
42184
94884
36447
95243
42300
26836
15450
54636
23690
34949
25142
2900
20431
79267
75129
56458
58939
68176
72914
81894
21388
45897
12211
46260
65977
48745
16995
43825
21524
87213
53445
38730
13590
88399
57130
41339
58304
15591
55624
37768
29385
93445
73143
94344
55177
3261
94973
59972
79915
25736
91375
24183
68511
40657
17367
95166
87205
68002
42453
8792
95449
15883
97545
72691
56740
73118
32097
64253
38612
1418
90121
37398
32744
23731
31711
17626
82928
98728
90453
23574
7938
81206
93320
97255
52561
62064
81333
4530
56365
27210
2596
9853
66818
36022
66108
2311
5490
10929
34320
55350
97847
42918
82079
30088
90893
56558
73659
19666
43319
44379
97635
5930
63650
83194
15792
41943
40867
75019
16126
41730
78617
19244
27602
10874
63727
25776
92286
31572
367
86386
46138
68423
82240
53191
52697
40889
33544
60105
40164
31829
32732
33646
7466
42635
42633
8761
16655
24490
32517
56071
94148
60866
50250
24966
92619
51426
28651
60139
13982
84968
44544
34622
72505
74111
42855
80694
67686
7588
93167
19288
36912
13008
3561
39062
62069
82263
45593
59172
35181
50165
98991
67232
34932
75321
37702
31533
60319
60463
7784
47802
29498
58840
57863
81716
52288
59970
7409
54838
36234
98856
21046
29878
28875
19734
19527
45180
19603
83448
37668
83523
49182
15700
67512
80484
21731
87819
37468
25412
41371
89393
74886
98636
10720
13451
70880
30645
38853
1593
1544
38798
96252
15532
21385
14162
21036
51231
67086
25096
98488
12527
53772
45675
70715
1576
59373
77920
93226
82509
79114
87429
72378
46796
98334
18804
90680
13217
29105
43603
13691
72363
13107
32846
11877
1718
97210
99863
57720
78097
68342
1515
93
50802
76355
62070
26933
52810
87847
41995
61462
84617
86837
31205
95414
69736
62516
26208
91690
9764
39374
89422
38319
36615
15896
18720
44279
74685
41955
84074
5879
21852
10198
30606
91781
112
98115
17177
61860
34262
2400
79671
34706
14189
95224
94941
16487
37246
92849
80868
69915
68863
71708
80916
61827
85378
6756
39129
8965
64762
49410
71826
48141
75684
88420
62684
40742
68313
38074
52755
48876
2835
60929
11614
35163
12909
13513
29148
93137
93898
39127
22256
88249
84845
63746
53833
4285
33447
79523
17705
27078
20908
54374
62105
71606
82542
49042
3438
42823
78676
3337
92872
18424
95257
54913
58681
11367
19403
25424
78759
19725
8246
99703
63012
55580
76420
71874
27401
27753
60802
37003
70079
86580
61868
1803
86780
37094
14578
43871
3659
5696
98258
62599
51271
89077
25044
37882
26367
88895
1627
60178
4893
17685
65311
38617
73075
58738
14943
69269
8324
90493
46115
463
44018
64120
56498
69852
70245
63464
88315
7050
15015
32607
98433
77068
20189
66953
25126
49416
13942
58104
95443
95572
58776
13377
72405
71705
60721
82264
76628
279
75840
19420
47767
40303
71587
92627
35965
76664
5595
88367
73460
56392
20675
22307
41588
41409
28638
26145
71371
77641
37187
47182
38422
1528
26632
96395
49392
35845
78906
18026
28485
36553
21718
17908
18357
27723
60034
97410
72093
83415
32448
48952
59291
27646
45869
92682
28284
11109
80169
65599
5811
46525
16429
13332
71861
72013
33390
77180
41322
43765
30326
74554
46940
61951
31617
61969
41728
53998
64754
3913
54698
29053
61428
41542
85742
65935
36047
61778
79506
96439
56255
7759
5376
51904
88158
76830
45034
15757
15553
28774
77211
11780
52696
8551
52207
26583
92616
81929
99724
99335
80654
29318
97397
73539
14612
52380
16
50854
3672
42624
515
5693
3718
81671
69193
57019
67254
6211
21814
85759
33034
46685
85391
14370
3130
59787
81187
60688
61250
26353
94674
18734
4666
96463
30260
22881
49447
23514
71603
52746
29641
58202
40979
51637
33454
87458
68573
71904
18136
64304
21739
61226
34267
37748
10912
47979
10457
30585
68549
1211
22289
28510
95782
49154
70361
15617
14092
42123
99558
82412
61055
76057
97970
56732
9001
16883
47382
64017
40940
80951
70845
67430
82303
401
85739
34223
78347
63823
81786
14465
28731
65210
23474
39786
31108
56583
27314
65030
75335
18281
60492
19617
23331
88225
57148
83149
26562
92677
96281
38543
40124
69516
21601
89675
11512
83336
20222
36292
52372
35176
41734
92195
24387
75380
19892
59835
66851
15005
47335
23549
96684
91890
10962
79877
2395
7921
47674
38567
70243
30150
87330
91093
62529
25887
90223
93070
64851
99574
91973
29599
24513
53677
72455
50652
49627
54132
56459
77835
69745
94146
1155
99213
21201
29639
29786
68172
65671
68028
87045
76493
98654
50954
8810
63671
19717
67547
56223
84201
84919
94133
5618
43128
60642
1579
79917
24056
30040
18626
88834
72889
78358
458
41942
16017
21995
22425
54043
32553
61586
13153
5897
35466
38792
29370
63036
36124
46056
15258
81330
62151
38803
42652
25587
97647
71213
8068
4874
91054
67955
3333
45555
29274
44631
16846
30636
25676
4923
65611
20426
57041
3097
16974
99114
86873
96482
26096
99
85961
88165
86602
85187
99427
20462
97852
39967
74711
24832
98250
10961
60312
89312
33819
49004
34399
88670
65170
72340
67483
98605
98554
21933
50560
51206
63714
25251
71928
34569
60988
76040
78879
91984
17492
12257
78762
30026
16348
37205
61408
75378
40216
42786
10382
19528
42776
47333
3079
43752
32675
78838
79409
93667
51076
44437
26354
72608
60040
73934
25203
1249
33355
59120
9961
57663
38155
78160
30267
70719
4672
65448
18221
33679
80575
93303
77365
45977
96502
57175
38412
29205
88299
18648
26398
30044
48837
41746
47623
98733
99874
73988
87807
59693
27515
13759
10922
8253
62034
5904
13040
36812
35009
35401
23806
84788
3980
41202
93736
86525
53614
49019
42364
89801
87565
5013
85983
8030
97414
38038
50353
66088
30539
23958
27484
67852
28314
4591
19376
3957
41655
69565
18256
37272
44195
55091
64753
38282
77615
92831
49692
86001
72422
38392
93640
19569
91698
87959
42629
7301
69198
46266
17120
2294
5718
95083
76818
1386
3956
52780
26920
24378
34283
88485
8995
75743
98093
94757
49778
41353
89192
2604
82384
48152
41201
49883
95269
17455
19219
83219
69525
28853
52669
36416
94
98797
34583
58033
7392
77664
43834
90533
60621
96339
89575
47403
91670
49774
82907
26264
26288
79046
92420
78249
98670
22779
3832
30545
56713
9345
22758
8265
80612
44024
13148
38015
48148
51523
34750
14204
97928
95287
44247
153
453
19780
54325
20995
73516
59176
94205
43190
78729
37888
83931
71525
31118
85399
87399
75412
57388
29465
88979
73836
19697
40547
40379
82386
57760
42820
43365
83499
23833
77506
60395
2469
10408
20435
95936
31089
59357
52976
90328
44556
99333
81762
46465
50953
85733
44017
4279
71461
33768
55622
44167
86631
54631
98164
42830
51648
82476
57493
37429
79073
5045
21617
5853
7168
61288
23137
31200
46391
97138
95102
79417
25293
13722
27318
20147
58243
58607
14061
18106
33450
26370
96629
27902
11848
88512
9105
34760
16543
55470
58532
8331
79595
39592
92942
28216
42773
34965
38098
80761
10572
67006
67147
55189
64681
21111
39589
97415
74177
74450
32194
23670
5654
71526
64864
58955
42641
53308
60959
64737
62624
46645
50673
9094
93130
67442
32179
96898
56526
77057
23644
75117
52888
25428
5639
15625
54420
86897
36274
78258
46236
44896
85249
28764
36139
77245
70521
18825
43708
2721
44039
14229
83350
46482
47151
68373
82738
57554
72359
5142
68618
19950
50792
32450
69534
72182
560
82302
596
42479
18944
73962
11139
72541
41220
28493
7706
90668
47676
98522
9214
53458
88385
55255
14020
39733
69354
16402
92851
34019
74433
57606
30451
39383
99972
69952
34150
46747
56589
66959
61605
77587
23869
96823
45498
61503
71592
48335
15233
82668
73371
41309
69633
57568
77806
80982
82211
14498
75652
95022
17510
94669
36300
18084
25793
69457
89709
81759
7007
40352
1288
87464
34332
67324
18952
91797
56096
90406
59609
6159
16819
81511
18033
35780
64673
58445
29055
78698
26463
20982
81222
78300
41940
47836
48782
2948
1993
75933
92024
78045
64877
84398
77440
40860
68266
45031
11844
57696
27337
42565
68124
72440
64605
72656
12946
14814
19360
9453
67551
92546
83669
31989
42421
22866
33715
81871
54885
20351
38899
82551
12130
53253
95392
79129
56923
5729
73004
68110
85222
3525
4861
66184
22718
10427
36572
84212
14435
39082
74654
19447
50042
68289
81766
52348
34077
69020
39420
92033
6421
13238
65165
93164
50342
60243
15224
54577
18468
51531
41864
85231
70064
12283
4350
38759
95197
13354
66234
56860
8811
67190
41413
78200
59738
54611
93339
262
88717
30274
38689
69694
40471
42478
51619
54107
54835
76819
44201
27856
94479
91132
43450
22899
87848
51492
25860
17950
92539
6424
81270
83385
36363
9218
12241
19786
25931
98123
2733
73270
40182
12141
8296
73645
8044
70917
6368
12017
19003
86060
98652
11434
55320
3507
61635
46234
88948
55689
39369
86592
30833
7095
56283
17800
49195
91377
93075
14405
83112
57673
35956
72103
628
13662
75674
28475
51165
88998
7390
16593
8849
43463
72530
50140
2083
60373
40293
92556
81193
41878
48617
34613
28479
81963
92343
20818
24220
26229
6826
58004
42702
45903
86678
28175
94380
56443
1328
2660
3115
50397
42107
74995
67172
73978
85648
78274
74926
10516
69886
49757
63426
21182
94236
49956
39161
57172
96966
81457
52053
28499
43621
36522
5495
40368
67992
71085
47229
38606
51666
86419
89687
47332
21818
79485
52005
17191
97466
15531
31709
66029
79444
47935
32853
63139
34988
98927
97402
60037
41229
77139
50066
74278
34609
91213
86622
635
89543
79225
73467
86989
91003
93530
26297
15253
66319
51493
72644
58678
32889
45692
42905
15569
73843
96279
68213
89042
69931
6631
15746
96589
30168
33791
60719
71490
9418
34775
39720
35452
81108
94266
59238
92938
21621
18854
69689
52317
98284
68897
81070
31799
47423
24689
98289
87862
35148
28541
9945
1844
90108
91734
36675
65242
77653
2959
99842
36295
15557
79496
22349
70999
24768
44543
63412
91428
76584
72476
32492
10470
2459
55550
98718
74935
19224
72902
58782
824
44817
5573
5171
87157
96920
62304
81969
40585
90411
12059
75694
34563
59613
10802
80553
3510
77408
71626
42154
19258
86153
717
73855
88378
57777
87758
49352
32834
64237
48376
49065
69062
68547
72406
41768
22735
62446
7734
19047
93059
41857
91099
69845
30369
4612
32477
41396
736
92757
33512
55804
30208
54916
8787
64061
77230
11752
39059
54141
88937
76492
58185
29589
22234
23841
80959
89301
96965
55864
14018
11572
76716
63124
72011
32983
28171
20709
69352
74027
3352
16818
68514
79120
71269
19969
11204
73158
57713
81678
75170
89214
90806
24282
31904
10521
89099
89808
97646
93577
22437
2762
17789
17623
76511
3547
788
31282
4761
28647
43310
25109
57504
80350
23796
98316
88558
1502
15962
25188
83002
93446
14068
1847
42981
38842
44368
55965
29058
97413
23431
65593
55258
85738
83676
35556
32377
60250
65989
6857
63066
57582
86091
19152
92050
16895
8123
71862
27261
77153
8523
43323
78877
47215
30442
63171
18299
2543
36695
46075
77373
43974
68968
60543
81734
38367
23697
9281
18261
17992
73526
70077
3621
86634
56983
44251
34432
5456
38447
73317
24787
35919
11420
88002
71597
70454
82748
77750
89346
97349
78989
66789
82406
4435
99349
52189
49496
54050
43467
92235
59906
52018
97457
56729
1966
33793
70769
5919
10472
75959
53978
53091
39926
42147
94557
74959
86199
855
21128
44677
74076
97212
99330
90282
41185
19355
54450
6855
38771
2949
16392
45683
63223
83463
68981
40493
48282
91105
90704
646
85579
30407
85582
4036
13132
93022
96117
53124
17013
94184
23472
57691
39090
29806
23812
10070
90136
15674
73569
99678
87952
8
89307
42950
74602
23622
80287
96226
90211
9590
94591
94116
77784
5096
62013
50597
55888
30674
15425
75397
21203
10598
37512
20064
19860
69188
36848
88537
78124
58626
56307
38883
30799
14457
17257
60336
35960
17764
2244
41858
30005
62415
36821
51473
96422
15190
79145
4676
44980
72566
60116
72508
28611
74495
26705
1236
80991
66624
57880
47179
4709
51809
3021
67298
36677
49705
36330
28788
6850
64369
51248
97718
1014
47560
7598
43846
95844
77354
34797
90324
86407
16389
25738
13702
7176
73564
48248
31951
56409
55517
74500
55494
78979
41249
39179
22545
26746
37061
47477
80940
32296
45446
69040
4207
90230
19044
57924
53839
44357
20298
51014
26791
89518
25744
95374
62440
52633
27349
34935
78031
41845
10641
1097
23614
9820
92263
16061
60733
9714
65373
11406
98811
85889
42943
34107
43223
36663
28527
56823
39953
88990
33897
88341
83682
51898
2413
42974
31458
5019
74008
30825
82442
15582
49977
38291
92723
37518
5125
72395
10702
43070
32034
6711
63551
67888
89545
41263
32650
64977
9036
42139
83546
71538
83208
54964
82533
81426
10763
21924
98640
70376
80087
48726
1102
45620
15606
96133
2383
21807
83468
32724
46629
36160
40204
95563
43294
16993
97606
81516
59031
21296
33100
10129
8048
64168
4116
74028
73800
81358
64496
42028
92841
2418
98626
13267
20124
63422
45241
52671
90463
95894
65849
74773
34642
87363
78758
30590
60128
90880
12715
60061
36401
25323
4671
46278
36946
37359
67376
61129
58780
17434
31810
28907
16489
82297
7651
1151
50482
41706
38097
11603
6221
32916
46954
25329
60130
81419
26040
28793
12070
87106
97191
10905
67148
450
50763
17274
86785
74918
24392
37761
12675
31755
91788
52176
75383
61414
81896
75139
63590
7774
66830
46650
65773
57866
62219
10189
28530
86222
91296
87496
16091
30619
14181
50110
1033
72854
36970
24773
55989
56829
26757
65669
80408
7463
35805
96772
53173
87006
1523
95606
12939
79405
67545
97846
93198
16982
14749
5108
19658
5768
34587
47125
87465
9699
84331
20953
55127
43494
47454
60762
28995
45586
40026
18922
72252
39122
40728
1388
33429
62869
2123
42576
41840
63038
26180
51561
42739
33581
51983
97806
95535
41987
88083
1854
29284
46639
23489
67897
81283
32197
88699
46586
66985
78280
48509
94375
72945
45336
59079
85010
45551
4490
550
69505
354
17200
7721
12586
15042
66502
24186
42132
65277
98740
96811
28150
22209
53699
40885
62236
75966
6504
77531
89010
93517
29688
54409
7746
28086
91828
77583
40505
82634
31622
13887
43718
71868
87655
56656
26041
98085
14805
46619
83526
87486
17551
35067
98844
43198
53306
52115
60565
44849
31588
95351
45036
40115
92802
98092
85891
55392
21406
67593
8997
32586
91634
73561
85121
17554
33202
74304
14104
53996
64375
74538
81229
31886
91959
92333
43576
21115
17704
16298
28753
4604
62493
69347
57013
18240
50050
9130
53853
83471
6326
96441
27917
55058
98176
77898
4360
37794
84812
32289
69169
89425
99553
11071
68468
86317
81620
36359
51840
47969
40580
24852
76504
6233
29887
94142
21821
84840
25494
97976
99715
96830
66286
21847
51174
36873
21493
71071
86795
41637
74363
12743
71208
15225
64852
18420
65992
85243
10254
41423
32085
31835
13694
17246
25745
75066
97681
20495
30595
76520
55466
1629
11944
28523
22537
1508
79971
59509
69446
32787
26012
13472
74731
77513
29810
52227
57751
64455
14746
7300
80057
69298
87616
1096
97251
82743
66024
19019
67654
75716
51205
648
31934
48063
92527
88181
42339
98771
58305
28466
63984
69898
66704
52703
39459
76907
68900
60523
87691
36051
68761
66617
38117
64488
74271
63189
86418
41129
13016
6053
57611
31496
96494
46772
65467
99124
27951
37372
17160
98846
45918
84917
13998
88760
25006
68944
71249
41273
37190
86147
3277
17318
94157
99632
24978
89918
41741
23106
45211
95377
9207
27597
46602
62676
82649
56953
73551
75542
95917
53408
86127
11487
86347
17823
30042
99171
23442
61016
14898
88383
6480
55181
24071
94468
97619
64648
10508
56995
29490
76648
93954
18560
87402
74015
15263
57896
6066
23365
55842
65156
76328
61486
18787
32712
75303
50697
21857
60144
65630
31690
36759
95798
10588
28600
77447
65537
20778
59518
60912
30144
98973
97563
83578
44913
89145
84071
17097
64663
23853
18243
49349
2337
25521
90980
863
38727
23681
19985
28003
58258
56369
52775
83834
60081
25539
32294
58205
52651
14360
81946
38456
259
98922
85904
72220
18233
59719
17320
54829
48927
85639
62028
30857
16611
70251
94796
79791
53376
99079
89462
53665
55601
97659
8137
49663
59996
21513
95695
65241
65172
48425
19021
16739
58404
63516
23074
79269
97915
60757
87946
78432
36947
32845
45075
59604
53989
85176
13328
49405
21252
84087
84799
17656
53216
16775
6543
39117
61071
14769
82151
2663
47046
50461
38309
40844
32626
82053
2953
66889
64453
80099
28869
19316
93916
23214
68918
81723
72759
87595
67886
56026
98068
12467
28898
59892
59428
67525
20327
8432
76522
58724
42925
56512
83204
48443
35630
98361
2431
52956
16407
42019
86537
22096
13482
60817
26640
48092
13220
27113
22358
95343
88665
60573
30996
59694
58801
2105
76109
50184
91953
12918
19437
74159
3416
52725
82567
16316
99628
42310
76279
60526
20220
54367
32356
85453
68074
60343
17807
28242
38965
68636
15039
26029
83697
11747
22436
45375
56033
49156
97586
24459
73280
8669
73990
80997
22076
67450
71096
13569
40904
70865
24542
65231
93589
11575
18255
45896
15077
97250
62032
34269
93006
62905
80035
22086
91438
51237
13838
63511
61193
18608
27616
98909
14240
29006
2355
98958
19468
23368
39257
57576
77122
10232
97304
85371
98353
32494
49026
26166
25515
82535
59798
19247
71410
82548
11636
43123
24638
50509
39507
87302
18904
3280
86608
53209
5049
44706
7653
69577
49866
54436
9437
29195
92203
13842
1420
10104
76408
79315
27298
82234
70775
41714
67772
16220
83580
9032
19116
11550
37085
15320
79597
84661
70791
52021
18587
80047
1137
42429
43427
10631
9461
77627
52228
5009
30018
47201
33820
26078
62084
72544
88464
28472
38237
73927
59306
91441
51267
61620
55935
87506
84614
20139
10632
24039
54929
79938
84602
45196
62892
33778
467
55671
86666
24680
51254
22468
59434
42807
28257
19336
54699
91793
79833
12555
87818
83268
77111
44236
35198
49650
77571
83185
25319
42531
26225
39637
448
82119
20787
2364
89688
34723
21060
17813
40375
41586
15180
17893
4505
14831
40542
24764
18045
96285
20303
8879
27085
57075
64224
44510
86070
65725
93861
90167
63225
41493
33397
96403
79353
58336
91372
77114
25247
33708
50539
45527
66466
43559
37846
6862
63257
46132
55489
70046
33219
12495
85852
64388
20762
36228
25298
75124
7393
33546
74080
69194
616
28370
12730
92363
10136
86894
19901
8411
77430
16083
51414
54286
62267
45411
89711
65152
25471
37416
7404
93181
7293
58291
52891
89413
76434
56203
19509
8349
43092
63381
39389
48595
77738
66323
48803
25101
80152
77004
39405
71455
38916
29819
72209
81991
69385
84995
19803
62823
86925
93881
15507
43907
32912
2538
43742
74055
53355
81357
50628
31779
24581
76857
43366
27775
29892
75847
3620
50148
68503
85203
65623
71815
85039
9228
37264
54807
58545
60322
97475
73529
35351
40639
69556
15767
67134
32866
1704
67331
39244
37320
6629
93628
34630
72944
50233
90755
65570
42053
27220
60567
5820
8119
83826
59644
74553
57051
93848
93752
77517
83161
56348
91632
20882
33021
88655
30036
76378
57406
90645
72438
90092
49910
72964
71913
78602
63754
39974
89006
62033
24517
30295
60441
23617
35826
51050
3683
90217
21482
69342
63616
18593
51059
75029
98604
58299
49794
45461
11847
24711
8664
72132
48309
88953
704
98878
49472
40069
23265
5211
19757
23923
26886
11232
63851
26606
57960
81224
50036
44063
32915
13129
52562
82399
98683
93179
54083
41246
91821
51488
5465
85575
3748
39778
57249
38072
41121
43436
78214
26478
48377
4017
91383
97298
64406
55295
37244
10657
40410
73316
93991
62148
29089
72506
55015
82879
87303
74171
95045
3068
41661
99782
52160
84931
73761
73271
81728
78548
31909
32698
23935
97974
57090
44338
93519
76329
8325
67393
82977
20681
6617
84883
93867
97005
76848
73351
2670
83260
98873
69855
42563
80401
2443
34842
86959
10630
94614
94140
28102
72270
34153
19163
29620
54342
24792
64280
29530
43403
74479
10050
34581
96695
5788
13323
64154
4487
7757
2071
18203
5252
84413
55323
29415
49697
64117
53733
76295
96397
5379
94104
12817
11984
71516
41507
1759
18834
14528
61248
79400
26864
40970
13137
22752
32867
29972
41737
8984
17235
31880
22957
36225
92806
98911
85675
99259
57052
50504
42750
10342
51891
47514
59033
43741
61678
32542
4074
94788
7742
45950
6666
45429
49426
29915
16194
61270
58316
81886
34231
53955
21936
21988
86539
52581
2616
67741
89280
52594
2627
8229
51539
62023
16757
9671
71108
89018
82350
17832
91071
4493
15274
40432
35792
60376
3588
6206
32071
26132
55721
77206
22199
70457
55967
21797
45601
35078
84298
26703
91291
98990
84085
37985
21117
21122
56257
67867
42103
17480
90447
24518
30725
63243
83025
69592
33192
62590
88933
24724
25009
38373
23476
28889
99000
44462
33878
46887
72281
19037
99781
65815
68267
35418
45703
51801
55543
60686
38539
74365
26390
56304
13368
45940
36923
58141
71145
59859
56180
77217
37672
60996
19661
89993
93624
77658
23522
62565
39694
16960
49229
81204
96933
41620
50368
60835
47285
58624
94060
26461
53663
59003
95386
71405
79653
5450
21465
86777
48049
24194
40144
10637
31623
2941
14625
38000
28882
59825
45764
55735
82615
13259
6768
89967
97844
76562
66292
80468
15647
37002
95896
10203
84105
57139
91145
21707
34059
47906
73904
34143
24006
63209
52752
60877
35321
27189
55722
30677
39162
91344
33267
36040
97978
15101
388
69420
97063
81415
17458
16676
78549
35459
18275
34268
98044
21855
11775
35060
30628
84857
15963
34257
75428
19159
31837
79388
59643
97201
48090
41291
92923
65098
55799
40119
63666
8382
55263
18943
79686
92763
85899
85101
66946
19547
32886
64967
22135
17775
62770
4557
56677
35594
7205
94971
51835
29128
56771
98039
94943
10771
91557
77275
78586
59888
64194
3342
20496
48531
61217
94383
36827
70135
78683
53539
95679
83442
12363
36190
8435
51879
45248
17287
48293
18158
39072
28407
97338
17560
85825
63352
26204
83476
23876
7647
96656
55610
16166
38103
12852
62967
75140
70486
20328
76007
61162
10954
19710
91210
42971
44373
23646
17028
43011
57029
67486
20039
1198
57203
68327
86375
61621
61957
6702
33606
71875
46795
21732
5250
72416
84811
72194
71848
69215
99821
10879
98692
56164
61557
26056
84410
63784
19737
5851
52249
110
49632
4393
46386
16834
92756
55
10286
99610
28183
13108
14484
23982
40549
92515
25639
1099
22373
39431
58018
59595
17231
78686
47188
78858
27348
29843
10298
73556
99580
8891
25488
30891
35699
78568
83419
41070
50591
57470
35853
93433
89540
69
5545
86692
10684
12335
67141
78757
93378
83482
69294
69776
55447
74972
33091
50104
47531
32303
34774
59794
19239
52344
93812
99443
81311
17495
11949
21872
99192
28162
1046
16879
76546
69523
31961
74099
16604
74823
57766
70485
8568
76349
65404
87732
76835
35092
11078
1665
24820
24042
59212
62286
13315
22893
17991
75377
13417
1568
22098
76447
15658
57592
71217
46273
2639
12324
35258
21025
1133
85466
17665
93197
56104
95820
65705
48687
33243
40981
37693
53742
70931
54495
64167
27405
88903
25421
77066
68365
83081
60141
28565
90240
812
50518
84948
84419
79599
43251
70726
81528
8730
48900
4164
18487
34461
17125
43527
2496
74155
84233
50255
61222
24398
61504
4698
74230
44903
7790
65154
90951
14667
4194
79134
13028
50869
23383
60403
8254
70440
9382
51016
2412
94499
42389
3140
39069
86083
93175
16016
12091
10142
34982
80626
73593
60610
11023
73348
74284
99436
78233
1258
36849
63132
21735
12699
50014
29608
89232
4879
27874
54748
22212
22683
37366
53469
33621
96744
68778
67935
96579
27395
14111
13503
49698
22949
5435
4768
40486
31767
60339
39051
21592
90024
17321
31789
222
65041
85216
39923
77256
44689
23009
20250
45368
14729
12179
52479
33008
81724
26798
82936
57107
7381
34500
97517
15122
67414
13452
92780
94729
48291
56487
10379
22389
91017
74914
17555
10870
17898
11351
51680
80949
68107
26942
13776
44921
49024
98442
68797
54602
47479
59302
13506
36902
96817
41897
91239
90804
39991
51618
79364
63619
63576
20855
50657
14103
7224
17027
7278
89490
58498
87649
43355
82631
52567
43516
83968
36397
81534
19716
4789
95028
84033
93732
57064
66876
97630
8646
55407
7775
72911
41804
40750
24241
25135
42530
19570
8653
64314
16750
69841
61812
77646
13637
87324
43115
50762
45939
24757
26193
95902
98598
46758
78678
94339
18894
4465
30898
82229
36488
41392
1808
57913
55887
43428
8065
58387
25855
97626
49781
92407
8175
48124
2662
39982
29836
42657
37721
1300
19464
73224
67154
38145
41846
1987
5410
68171
94310
74031
44508
33665
97521
89884
16271
98048
36733
97825
22408
96840
94378
39269
9579
99991
71604
24884
65175
13616
58501
90658
73112
72646
29447
58781
67952
65213
30954
27882
38988
66702
45671
24605
10082
42867
53081
83343
52612
50570
18858
32709
58244
24168
50274
28684
31719
42965
68551
50168
40333
15564
93948
87774
15182
81573
43336
42594
30461
24873
99055
47393
88234
83024
27669
46615
40640
12920
26745
49666
72108
42274
46715
96774
78831
37968
71203
52004
37171
47812
73042
16310
36897
2827
45373
40998
41128
11998
22320
16747
4569
78289
54217
40270
61451
14567
20893
24579
40993
35269
9273
1322
23828
87112
82769
70277
86742
79957
86621
95739
52954
65991
76981
25853
36706
95464
33116
18668
79493
46703
71350
77550
25949
60636
54911
43658
79300
98199
10047
50689
64439
61502
32775
76097
13646
33696
69047
98755
12364
26068
82873
2371
70994
93208
5115
62572
27342
89693
53005
6644
77776
92524
54499
24054
81069
61826
64914
41630
94196
43770
87695
95277
50103
53902
12892
28782
49915
64138
73258
66591
25999
40836
35233
79577
94256
2233
90321
65407
41239
78786
67128
5395
95364
30444
82137
30232
8559
13457
21776
24267
61763
50547
131
66032
31212
86976
52152
51153
21779
46916
9466
39500
78492
65609
51580
84662
74237
28283
91901
30413
35426
1711
90390
7730
41625
55481
43996
76016
58127
94948
29720
66338
74682
12954
186
40560
42161
63807
9078
75962
35472
46750
15410
60478
11995
51503
17547
72266
64651
71688
78569
88583
13151
92746
25986
10707
53907
34033
46231
35402
49106
9220
8125
33562
74762
51430
43184
13469
231
69265
89819
54556
73481
62492
89065
3613
92111
37384
49615
48012
93458
26176
66237
56156
37630
27433
53291
80882
41678
66311
2334
16897
70639
87276
78116
30248
70404
75870
96240
52296
41431
36964
9780
59361
45083
50661
55242
35837
95807
9291
99298
74229
65012
82645
95184
57926
82055
38076
40186
91043
2556
42362
35840
36564
3297
82060
34914
38354
69061
70739
96452
668
68909
39163
79111
21000
66811
46911
28948
61572
84196
43682
21435
15322
22181
27561
72248
71824
51792
55282
8670
51338
42746
43998
43793
88985
50981
2967
24810
26188
87424
66308
19665
60911
54623
59447
10967
63680
49465
43120
84886
31931
91633
28269
26101
59307
14494
35141
28746
14834
47905
45249
36732
17655
31603
53564
5400
79337
74750
58472
84549
18816
1060
98862
39235
61715
43554
30292
54834
43623
41751
65692
25783
59438
99434
33500
24169
62045
71935
79699
19685
45672
96123
67601
8507
31238
88113
28101
67114
50601
46831
60720
58515
61800
96104
25600
72773
91398
82015
9962
54515
29791
7465
84755
5793
43858
56065
95878
18931
34604
37084
91628
57441
16603
16979
56588
77639
24079
54239
37573
89209
86439
58730
23511
81207
23943
53959
92001
59137
61651
36596
83760
76086
60949
62472
48252
73194
26209
24533
85207
13106
10149
438
49413
26918
11527
47343
69813
39155
19300
25088
58250
87182
17646
33498
14829
10471
76225
2991
65256
38257
70044
50525
94119
87226
97015
99637
1705
22851
14029
31584
94876
12317
62653
87809
52549
48070
34650
69962
84976
73107
16056
62339
74895
34589
25180
84090
21816
13857
17203
58933
80299
88716
30069
88911
37717
32609
10553
50432
24597
26706
44830
24719
51005
37992
11534
79691
90215
1015
36246
25162
34865
35062
46832
91817
49400
23746
60705
93639
37423
76936
72333
58714
11207
48891
44181
63996
48503
61513
21566
76689
57939
58554
43344
8303
80784
5592
7401
10542
65778
84974
82839
22894
28272
11507
20323
38982
33001
14163
80319
68025
60729
81427
37856
11419
65942
97324
56839
43328
85318
34036
76634
35037
91424
17131
73463
28115
31083
31290
23184
27018
8318
57486
62996
16229
39079
60356
28789
88177
19957
17871
34468
7085
9606
53806
12884
78159
40534
54337
48044
87297
75359
52770
59441
35186
12827
63554
44378
78378
43665
49013
41385
53995
38784
20027
8456
97532
38909
41354
47665
86727
97447
43829
95322
78909
87580
20373
34578
51003
51026
95839
29476
1720
68648
18635
9873
58470
97441
7748
3431
2062
80759
15019
56336
24388
40274
25034
38569
9236
8283
2736
62453
1773
28364
99109
55976
56248
42721
79649
28604
85133
60352
85308
35427
58367
77316
78240
97185
46544
67671
38297
82546
66009
31731
58486
31926
81460
82276
99624
52921
6486
54752
70030
25297
89078
80530
6645
46689
87202
9280
75713
27229
53938
18321
53702
20486
91284
31912
64322
14264
77477
56693
82046
24487
87607
25210
93009
65804
6966
62295
12397
62103
70641
46142
41152
10027
97125
72276
19215
53428
94615
3164
63463
55433
54170
54417
28248
28857
17932
86000
55045
42894
30079
43109
94523
70329
8683
53697
98557
69635
30594
17044
72260
22210
36566
79606
71008
85732
84487
11938
47105
85355
31920
1877
28823
47070
90947
9256
49902
12752
52402
57320
39472
59868
59321
64507
10716
26167
49461
32489
51416
60514
43644
99860
63514
79355
79155
63229
13397
74239
40873
25477
92269
49116
27013
50807
41643
1860
79809
37778
72110
40453
64271
78145
41854
36200
55856
70040
35243
14152
58110
43699
67481
23215
49785
35740
31714
43245
54996
74172
84302
95262
91537
19181
39743
62788
73329
70160
59464
13678
16921
42430
89051
86340
47379
89182
41469
45227
81263
7165
79065
6380
32994
54741
4528
79717
32102
71251
49553
7703
27272
21624
92800
8021
40693
29416
52807
53068
6136
47992
62396
3268
53967
60570
17644
687
81478
39042
94754
70375
73038
76558
14277
19106
37434
61482
79931
44301
39224
35026
53298
68945
53090
70622
75220
71879
88772
70327
12297
25610
8788
44851
73262
26812
69642
50583
51735
23628
58777
98190
26910
83853
87696
40811
75816
41112
87623
93138
59882
11754
55023
32706
4730
92488
93510
82092
96543
49404
50965
2723
80125
69818
36656
70422
45104
51807
91825
10554
46709
67783
637
67756
63042
27323
15270
1075
50166
81898
58901
32751
64482
66804
19331
4896
22705
26036
97200
30028
16168
3244
84013
82736
41098
31040
72674
15886
20964
23600
62263
80972
34590
31270
66487
70446
95972
94792
26559
80054
30759
76212
70642
24622
5059
68150
86697
73239
7169
1399
75837
58612
14381
42043
48345
40464
68288
82261
77599
74651
10536
1330
66127
58947
88030
28383
21153
43508
74863
11602
56027
59939
69456
40600
12087
45618
80756
72434
97392
55806
71914
68272
23080
71212
48757
81524
36123
61885
5533
26058
49777
84612
75229
62966
33350
82568
61127
2686
95214
93393
21265
64204
84483
67113
30176
77768
21781
35628
92335
20772
62336
39406
1239
899
4482
72004
94825
14619
3357
96726
98666
64789
25893
59505
21641
28404
7257
6790
71945
67458
46979
52557
276
26987
59546
26919
50324
52446
92350
83398
48798
35602
93741
55047
36809
92370
19777
89402
24172
66515
19030
18019
16274
57007
62759
88362
65931
69142
93108
71997
46467
54603
16617
58979
54487
5241
22216
59090
6348
61871
99361
70841
9722
1335
37327
63172
14549
49695
96535
60659
61879
45277
72459
85995
87209
68381
6890
57043
52767
59038
12195
76316
6909
36317
15641
77227
68776
47496
89324
8112
61011
71669
82457
53756
98305
39322
63638
37716
75224
33529
86452
7040
51353
83923
9023
77499
6023
40148
42681
82389
32273
56657
67352
726
8211
71228
85573
84969
77424
15012
36645
17462
99876
65434
8740
40023
20234
78192
2039
12850
66390
89386
72317
76736
88241
54975
26069
9243
43841
73215
10618
84710
53879
60899
92899
99275
12859
92200
62765
17272
35289
38203
12051
40983
10886
25557
53140
40623
59821
10949
47663
3711
9694
48178
43317
19992
33181
21803
58345
41124
74197
75000
48918
61182
21280
70930
92494
62883
39488
35061
19378
95398
31552
66136
40763
1865
37996
331
42177
62376
49921
37269
2432
82111
95941
9545
48596
53325
95356
78232
30116
36035
90365
61187
33575
76650
71036
47728
4126
97363
66613
86350
96786
7754
83639
4228
2404
32660
92644
51890
34530
9095
31003
96320
97867
69836
99585
44842
14496
83428
59118
40965
30503
64021
13755
12542
38114
95213
97311
79960
43499
35316
57936
57455
65136
70688
59401
49383
67672
18484
73670
86543
67635
26775
552
19862
19395
49649
97169
20360
9872
11034
20696
51245
84232
67586
68519
64022
3604
22058
301
65946
81191
41974
88272
33527
2828
32148
59729
3608
43285
53728
15051
3091
98118
19991
99822
93357
18605
33773
2840
15668
10782
39943
90815
46593
97362
75141
5425
91652
67812
33343
18376
97755
66201
44857
94741
67813
58894
77304
99552
89668
11817
6490
95339
84066
31117
45685
69987
26200
5229
61525
35508
28879
90712
81462
99964
10543
63448
63897
51953
7518
3899
52278
76618
71235
75586
29612
17888
17778
40353
61737
74772
92322
2461
67977
47810
98819
73403
33781
83993
30849
97100
96011
80129
88354
66141
16626
47878
60213
68387
3978
91982
45191
22434
72117
21249
69690
93960
39542
8865
248
33565
85979
36844
49463
18050
97930
72830
73065
22859
87582
71690
48119
37202
71191
68102
83550
85473
35947
75266
17926
25927
72155
85225
39627
50696
28880
709
56313
52236
42248
90865
24566
44961
6396
46824
58908
79415
24212
78719
47904
24988
6849
41010
17330
15922
82077
59389
78561
1032
96831
71081
31197
15241
26580
67631
44586
36744
99817
39688
70608
36238
53642
77709
17542
37132
7459
88041
57291
66837
72766
18471
97395
19135
52206
21490
40855
96574
34410
7545
33094
18121
15923
84185
72552
99031
77686
61698
7138
33918
86911
53196
81634
76060
10994
15944
6821
54707
60244
56410
551
55208
10988
41524
13369
19014
75486
19638
4746
65559
78796
17174
38123
83914
35245
51462
58427
45795
19659
80518
28952
5290
69583
45152
35263
77121
18454
75109
55069
19504
28462
3441
19425
24375
45420
31935
95056
54017
84435
47582
55029
99617
739
4883
9433
65500
88418
50648
73881
14922
31526
3677
1389
77573
17575
89158
90487
72866
16627
52599
71530
45942
36523
12111
55819
24144
41929
92955
12
81109
87611
21862
6430
29388
97243
93237
9645
26899
2747
25288
2674
2772
16720
18180
49960
63531
7865
71869
35028
81937
13170
35901
83562
9919
10940
42545
70267
88689
60689
36420
26527
54316
82881
70816
85729
20707
64245
92880
83361
50831
92656
72052
68592
75632
5963
98672
13823
2476
71897
67577
75015
77574
46540
17064
13194
6096
95889
2916
26982
25370
8875
90426
1361
84638
44009
80090
88377
16628
77864
72963
70886
76440
42036
89064
36883
92548
23811
59921
77327
71478
60875